3.19765111	2.494436717	1.459694415	14.24999936	15.44195451	0.018994936	-168.5023334
2.080253593	1.189061997	2.348838546	15.70996839	2.983403684	179.9995507	-168.7300934
3.293163934	2.41674747	1.440156772	9.499998308	19.57289405	0.037599813	-168.4750491
1.551927424	1.217144662	2.373048521	40.28328701	1.264431357	179.8030119	-168.7123381
1.604559016	1.216356675	2.371387637	38.53757928	1.633776893	179.8535748	-168.7171064
1.657189937	1.21542926	2.369680655	36.7522158	2.029803663	179.8974228	-168.7212929
1.70982249	1.214359563	2.367962502	34.91061084	2.405825979	179.9389028	-168.7248769
1.762453713	1.213196404	2.366256006	32.99986872	2.768833162	179.9484373	-168.7278333
1.815085149	1.21181612	2.364643482	31.00033684	3.068147059	179.9603717	-168.7301357
1.879200207	1.272912272	2.135315231	30.01956326	29.50763304	24.08120533	-168.593077
1.867717017	1.210316688	2.363168407	28.8919854	3.298399346	179.9720527	-168.7317564
2.113620116	1.420623338	1.51748085	24.1666529	51.50437525	90.28577183	-168.554561
1.920347706	1.208673369	2.361849154	26.64664928	3.457316109	179.9821543	-168.7326678
1.966028468	1.222499921	2.325908082	25.16577287	11.93827514	179.790614	-168.7243034
1.962310108	1.216993586	2.33996945	25.13028213	9.581603998	179.7949842	-168.7285016
1.96704362	1.219417364	2.321353812	25.01350284	12.51438841	179.9644318	-168.7231967
1.958289128	1.209435296	2.357104576	25.01180219	5.3311143	179.9016192	-168.7324933
1.961630724	1.211498625	2.377648789	25.01184182	0.440444908	179.9607819	-168.731548
1.965345387	1.216027635	2.333898563	24.94947864	10.57537838	179.9920518	-168.7269808
1.961732417	1.21226371	2.350741085	24.9552158	7.197706437	179.8029128	-168.7312905
1.964057344	1.212179575	2.346880388	24.83982879	8.049272682	179.9747799	-168.7304785
1.968634873	1.216055651	2.307830499	24.83215443	14.24301233	179.9997361	-168.7190832
1.95908	1.20743	2.36104	24.88	3.561	179.97	-168.7328685
1.961669322	1.209622514	2.355103791	24.84750289	5.905045073	179.9682678	-168.7322186
1.972980084	1.206890947	2.360700592	24.21110533	3.592930706	179.990088	-168.7328406
2.190207115	1.381194422	1.514065692	19.33334705	53.17573373	88.36749224	-168.5468511
2.235045262	1.338665015	1.509798844	14.50002516	55.4327097	88.74804796	-168.538759
1.446664108	1.218301962	2.376427203	43.70076718	0.592719838	179.5489524	-168.701105
1.588687172	1.38539687	1.528903335	38.99368105	52.08177335	103.9560132	-168.5373975
1.499295704	1.217793317	2.374719765	42.00052236	0.90802198	179.7175062	-168.7070028
1.693951351	1.396022986	1.524150613	36.45752139	51.76499809	101.343569	-168.5466664
1.74658231	1.401735421	1.522254847	35.20390379	51.62252117	100.072943	-168.5503671
1.79921387	1.407924937	1.520830946	33.95190287	51.47346256	98.81264314	-168.5533927
1.851845395	1.414752012	1.51995132	32.6994331	51.31033281	97.55246965	-168.5557132
1.904477122	1.422382754	1.519677222	31.44720608	51.12590542	96.28039879	-168.5573055
2.004344475	1.316865695	2.173980758	26.56384011	26.24757532	179.9923174	-168.6534796
1.990743381	1.280378891	2.134133006	26.23008985	28.72603148	179.8131187	-168.6441661
1.987197615	1.276257638	2.221022015	26.09782938	22.76838302	179.9251473	-168.6811844
1.988694139	1.273528789	2.149577156	26.0892588	27.74407297	179.8137924	-168.652193
1.986318705	1.266272259	2.167446455	25.94271668	26.56191653	179.8190463	-168.6610932
1.980939644	1.261071398	2.245074804	25.88048394	20.78955464	179.9002059	-168.6928379
1.984552731	1.261242301	2.180780801	25.84271465	25.64492329	179.824099	-168.6674816
1.981872382	1.2556205	2.195926806	25.7573004	24.55607527	179.8542521	-168.6745488
1.975915876	1.248511627	2.268211341	25.67587072	18.6940387	179.9196265	-168.7029642
1.980701541	1.251114498	2.210118221	25.64496909	23.5051235	179.8323501	-168.680832
1.978405437	1.245400798	2.228116129	25.53293629	22.09288522	179.8349596	-168.6885748
1.977289878	1.242600684	2.237296033	25.47573578	21.33797159	179.8350482	-168.6923968
1.971873814	1.238124617	2.289732523	25.48759539	16.50739418	179.9124167	-168.7115668
1.975202658	1.237439494	2.254852454	25.36877871	19.81740125	179.8383608	-168.6994668
1.972322938	1.230712785	2.278965207	25.23260377	17.52439202	179.8661042	-168.7086523
1.973102	1.224031632	2.129846164	25.33549715	30.24301792	180	-168.6380875
1.969175073	1.22393647	2.304324876	25.10244848	14.73668774	179.9233348	-168.7176273
2.036396199	1.279143101	1.428887516	24.11300684	68.57145036	110.8608067	-168.5326624
2.06318592	1.269459281	1.426635841	22.34260729	70.24295922	114.3726846	-168.5301479
2.144238799	1.238752728	1.420480159	15.70998344	74.2362272	179.9999991	-168.52375
1.48342443	1.374854071	1.53436224	41.6499572	52.47628114	106.7440352	-168.5259682
1.39403327	1.218658618	2.378259883	45.40075349	0.379305789	179.282463	-168.6946299
1.536056011	1.380217478	1.531645012	40.29804109	52.26036052	105.3222204	-168.5319251
2.249160899	1.880108303	1.53682373	26.85249794	39.07871507	93.21732315	-168.5260911
2.217256131	1.829077661	1.522247324	27.19223932	40.45391487	93.22730782	-168.530316
2.932651619	2.603705985	1.465302781	20.21111304	2.400537299	0.02058242	-168.5139415
2.310303054	1.92231209	1.429789234	25.9345019	39.46444054	95.90700461	-168.5103984
2.186776166	1.780264747	1.511732486	27.52158906	41.76340281	93.23764205	-168.5346031
2.1574299	1.733066121	1.504487149	27.84223209	43.01816583	93.26340056	-168.5388661
2.955052564	2.595668407	1.462294154	19.93018962	4.034547317	0.296109083	-168.5143699
2.129117664	1.687101935	1.499994047	28.1528638	44.22665175	93.31334523	-168.5430154
2.10186016	1.642133399	1.49790139	28.44976237	45.39684602	93.39325022	-168.5469518
1.918923101	1.427328348	2.11667505	31.33053415	31.31499063	0.102965573	-168.5565814
2.184262222	1.730097367	1.393744105	27.23358802	45.8619818	96.3728139	-168.5276073
2.980112724	2.588113797	1.464496539	19.60064395	6.000037281	0.318614225	-168.5146311
2.075793139	1.598069451	1.498046406	28.72657702	46.53555611	93.50437126	-168.5505578
2.038688341	1.549890298	1.617146375	29.28794258	44.66665277	89.42218692	-168.5523654
2.986646208	2.585112928	1.464926475	19.5052255	6.567519404	0.315157792	-168.5146537
2.98913	2.58364	1.46494	19.466	6.795	0.296	-168.514656
2.051123666	1.554884786	1.500369211	28.97420564	47.64984463	93.64372083	-168.5536891
2.999043895	2.57886481	1.466407489	19.31420383	7.673893635	0.26257805	-168.5146264
2.028123334	1.512644989	1.504956909	29.18071029	48.74572358	93.80595069	-168.5561689
1.957108443	1.430999618	1.520065124	30.19845521	50.91277379	94.98288462	-168.5581517
3.011597151	2.57684213	1.473854134	19.14335071	8.756157028	0.23881286	-168.5145027
3.023025426	2.573209731	1.480836169	18.97089519	9.833133766	0.23318401	-168.5142819
1.992808896	1.444768253	1.526482897	29.44073652	50.2430255	93.75623166	-168.5582505
1.99029	1.43703	1.52092	29.4181	50.75011	94.13889	-168.5582959
3.033870042	2.570210666	1.489871511	18.80627816	10.89355232	0.228379412	-168.5139653
1.980464786	1.421101475	1.580031885	29.52555571	49.22832352	91.81497539	-168.5565825
1.97696227	1.41537499	1.656844243	29.5840098	46.95843498	88.31708543	-168.550707
1.98099347	1.418812795	1.696156318	29.51300476	45.67272178	86.13685034	-168.546772
1.990141253	1.428241793	1.740321568	29.36610977	44.15145863	83.33118256	-168.5420734
2.02409143	1.464045951	1.818398576	28.80140168	41.26470577	75.48032054	-168.5346643
2.040148705	1.476551373	1.840928634	28.48393912	40.45387219	71.65399302	-168.5328945
3.044224824	2.568086652	1.501261171	18.65145785	11.93285447	0.216497666	-168.5135562
3.050477973	2.567987794	1.509989202	18.56618237	12.53201998	0.026294276	-168.5132733
1.97267816	1.393458646	1.535767077	29.38835007	51.95011299	94.32803787	-168.557399
2.01487627	1.436492028	1.52023303	28.47058487	50.8040892	93.38875638	-168.5581665
1.976753951	1.389804897	1.485954252	29.20845848	54.33330991	96.85428059	-168.5565938
3.064355765	2.568117814	1.533080543	18.37771801	13.92342395	0.167253836	-168.5124893
3.074779218	2.571328938	1.554762922	18.26100112	14.85883348	0.170385045	-168.5118562
1.960944367	1.357162078	1.553911714	29.21930284	52.96840687	94.39645357	-168.5548202
2.010632339	1.410491941	2.00368324	28.54642054	35.48168503	179.9456387	-168.5536068
3.06506938	2.540532244	1.530226787	18.13060339	15.66665478	0.132987911	-168.5113432
2.110584382	1.505873296	1.899591788	26.80325166	38.4652649	46.24599316	-168.5295102
2.007239708	1.373313136	2.019211277	27.9882153	34.89580079	179.9247538	-168.5696043
2.045563504	1.414222311	2.12565175	27.26013532	29.75190354	179.9562941	-168.6038995
1.975089255	1.33316811	1.450836657	28.27750962	60.24300179	101.536842	-168.5480336
2.005400008	1.356223415	2.030751902	27.69781009	34.39530879	179.9507606	-168.5791133
1.950866408	1.291727856	1.607970047	28.32929612	54.82792598	94.28302718	-168.5436321
2.029402054	1.375851031	2.136784144	27.03894326	28.85321319	179.9675921	-168.6210363
2.015740209	1.343689318	2.153444734	26.80463646	27.67622917	179.9901322	-168.6377112
2.000531803	1.32218503	2.064469373	27.065079	32.73940106	179.8840203	-168.603159
1.991083758	1.306629538	1.438146019	27.0335143	64.00004339	104.9670282	-168.5409106
1.940617083	1.24359005	1.817585203	27.75333669	50.04366818	88.89750667	-168.513537
1.997800094	1.308380217	2.083425338	26.7957717	31.71746473	179.858421	-168.6152145
1.995501971	1.298343738	2.099540653	26.59600121	30.80555307	179.8366563	-168.6248889
1.993083174	1.288796289	2.116929848	26.40230123	29.78103372	179.8200213	-168.6348142
1.9576764	1.243981135	1.712962322	26.84191606	54.51281062	91.86832898	-168.5242257
1.965191634	1.205049155	2.049755029	25.50601273	40.24301594	180	-168.5458547
2.03375312	1.247782041	1.315426419	23.6698199	112.333327	179.9439163	-168.5095821
2.06783734	1.242374811	1.32838131	21.42653891	105.7142836	179.950881	-168.5125879
2.082037122	1.240326382	1.33480186	20.41398332	102.6667024	179.9086794	-168.5140339
1.430792237	1.36878105	1.536746617	43.09071213	52.76511198	108.2391057	-168.5195896
1.341401089	1.21897145	2.38021758	47.0909946	0.161376713	178.5114429	-168.6875348
2.672827884	2.775989237	1.865032636	21.73689533	16.85939792	174.9629904	-168.5037602
2.6287	2.70758	1.1289	22.27	21.065	141.098	-168.5027156
2.738653798	2.792170879	1.794122505	21.46402553	13.58359719	171.5720795	-168.5051166
2.537310086	2.282604456	1.772029115	23.92492554	29.51275185	89.60756606	-168.5081684
2.559763935	2.306923547	1.788791348	23.71089469	29.0466051	88.85960611	-168.507725
2.483837475	2.220978899	1.729662312	24.45121539	30.74639829	90.96968991	-168.5094844
2.643840016	2.388603904	1.841783794	22.92309182	27.53607515	85.41941165	-168.5064556
2.365221911	2.060797266	1.622057973	25.6500149	34.36636017	92.77502239	-168.5147602
2.741214618	2.463325351	1.886227807	22.03411731	26.20382144	79.22400219	-168.5055822
2.825024851	2.540663115	1.990940548	21.34198107	25.3333382	73.4678161	-168.5054448
2.321351955	1.994036511	1.584487753	26.0999187	36.05578651	93.04770114	-168.5182014
2.943949139	2.567102812	1.937492478	20.11432912	24.32915614	58.0997858	-168.5048906
2.022938294	1.51379304	2.003437435	29.52951142	35.31232174	179.9421075	-168.5293429
3.019520818	2.586177947	1.945745782	19.27443225	23.97172667	44.34835833	-168.5048943
1.971274598	1.436305657	1.521191616	30.1419942	50.74474223	94.76352405	-168.5582147
3.02478	2.56841	1.95471	19.096	24.467	38.412	-168.5048658
2.012755336	1.437000943	1.998657177	28.8886648	35.6204009	179.9748156	-168.5451321
3.160223006	2.655713308	1.824778222	17.81062339	20.04717135	0.020946389	-168.5072184
3.155214424	2.647882347	1.897158298	17.83867199	21.70186563	0.306954093	-168.5060125
3.097616225	2.585925391	1.611808385	18.07053998	16.57310961	0.202480279	-168.5104875
3.121732786	2.607634591	1.682804956	17.92633343	18.08413651	0.199564051	-168.5091334
3.131654882	2.617141233	1.719086604	17.87438256	18.79097484	0.219808482	-168.5084998
1.893264775	1.262338507	1.280402781	30.7100091	133.5177953	179.9710128	-168.5060139
3.146453582	2.63052857	1.820406013	17.80353391	20.79962149	0.374675237	-168.5068238
3.135511215	2.61806774	1.907023892	17.88448396	22.67814172	0.126969188	-168.5055282
2.131278362	1.506030789	1.911921486	26.22746594	38.06456183	32.10890948	-168.5292668
1.952186251	1.257570179	1.293098147	28.22978527	124.2857342	179.9872814	-168.5059248
1.970306023	1.255911316	1.297539916	27.29238116	122.000002	179.9480075	-168.5063152
1.969437638	1.20910722	2.362556929	25.94012213	3.577151641	179.9795872	-168.7322897
2.02132	1.62226	1.14748	30.428	33.708	114.767	-168.5180376
1.879266144	1.25945942	1.278755473	31.64071379	131.6666775	179.9607807	-168.5060974
1.9224	1.25904	1.28672	29.678	127.55	179.937	-168.5057202
1.716786792	1.250906617	1.254124663	38.49263374	142.8571769	179.9982201	-168.5103804
1.743863773	1.252807178	1.258045281	37.35735012	141.3333647	179.9364914	-168.5095598
1.987716431	1.212390192	2.365558315	28.01887909	3.597907435	179.9810147	-168.7285085
1.756740316	1.398753027	1.523437774	38.43749216	51.78172005	101.6478327	-168.5462055
1.768672566	1.40151278	1.523303666	37.94118608	51.69010917	101.2743152	-168.5474181
1.220265886	1.334350533	1.536377551	51.34687743	55.12368409	115.2114237	-168.4911777
1.597548617	1.22056088	2.377085177	43.70999492	1.537980588	179.9968184	-168.7095321
2.003980369	1.21552631	2.368523235	30.11901054	3.594466792	179.989897	-168.7221069
2.015217287	1.314391215	1.671685856	32.34116784	52.82615923	0.060609467	-168.4983993
1.98084	1.28533	1.67224	34.62	55.538	0.606	-168.4958629
2.018201834	1.218528395	2.371455856	32.24570372	3.566771117	179.9967558	-168.7139236
1.555309048	1.344880786	1.522493605	47.8750056	54.11773844	107.9402925	-168.5181725
1.564505108	1.346858449	1.522673963	47.41174712	53.99530222	107.6656396	-168.5195895
2.030609466	1.221348897	2.37431366	34.39176105	3.517373422	179.9809817	-168.7045849
1.914752017	1.234877384	1.698399078	40.21268157	61.51119899	0.00827149	-168.5045593
1.377927217	1.310727289	1.515495209	56.88236981	56.86320455	113.2940018	-168.4955846
2.041291743	1.224003156	2.377043133	36.55821585	3.473785823	179.9681731	-168.6945551
2.050556263	1.226441063	2.379654074	38.7364165	3.404409161	179.9566557	-168.6841751
1.915861234	1.222038718	1.74716142	45.32274976	59.48751731	0.021566433	-168.5151061
1.235553823	1.292712419	1.493570809	66.75000511	59.9940882	118.4800437	-168.487607
1.23867	1.29359	1.49606	66.462	59.758	118.475	-168.4875972
2.05875065	1.22864228	2.382079118	40.91775784	3.337844015	179.9476771	-168.6736938
2.066220091	1.230675469	2.384313896	43.09545131	3.286630277	179.940387	-168.6632888
1.167634358	1.279900867	1.473788781	73.16953668	62.04311958	119.7205445	-168.4902676
1.169526781	1.28305071	1.477092866	75.82354915	61.83587034	121.4207283	-168.4927759
1.162771508	1.187771357	2.37306587	81.94585207	13.83160843	0.068838901	-168.5741816
1.124519835	1.271121385	1.596733575	85.62500157	55.28777917	130.9145342	-168.5052494
2.156296056	1.227909027	1.50328975	51.96649199	81.26694083	31.51914536	-168.5402957
2.853563698	1.164885764	1.316191366	10.61915781	171.6687721	179.9909493	-168.5521648
1.097626483	1.205008349	1.171850938	100.7100207	170.921178	179.5502636	-168.5980058
1.18436	1.18788	2.43435	96.834	5.143	9.039	-168.5790704
2.146147512	1.230353105	1.513576156	57.53767634	78.37868889	30.5607753	-168.546942
2.935583247	1.165196986	1.318544441	13.36262756	171.8412709	179.984544	-168.5939654
2.94468	1.16519	1.31854	13.6719	171.89344	179.62697	-168.5942344
2.952662199	1.165438542	1.318807949	12.71695073	170.3570315	179.8955249	-168.5942127
2.972634265	1.166303269	1.319667302	10.45999502	166.841818	179.6044917	-168.5940464
2.980426699	1.166843492	1.320289325	9.428560213	165.214548	179.9971664	-168.5939135
2.996494565	1.167959728	1.321757112	7.209992191	161.745471	179.8003889	-168.5935066
2.993256048	1.16828757	1.322408617	6.694677507	160.6511107	179.7403323	-168.5933669
3.016309423	1.173009678	1.329277179	0.684902531	150.9451713	178.3032165	-168.5911485
1.140301254	1.219103045	2.42357274	104.2353087	9.209547953	179.9392492	-168.5774239
1.140371743	1.218230887	2.424728483	104.5000446	9.065272117	179.9910609	-168.5771274
1.08519695	1.194069857	1.174222968	110.7099956	170.4636144	179.4715028	-168.606463
1.255881379	1.223705284	1.551575483	100.3272007	75.50743588	0.00523544	-168.5051373
2.143673489	1.232273976	1.533382355	62.81666015	75.58253194	29.28641425	-168.5505049
2.315932491	1.228856534	1.513105277	56.57141403	82.61143849	28.09890387	-168.5495201
2.41202	1.21968	1.49104	52.606	91.989	28.87	-168.5487781
3.01874734	1.165601007	1.317159452	16.25771663	172.4859964	179.9996208	-168.5812311
1.042768588	1.226813653	1.276120924	118.4004887	150.7100342	140.8910798	-168.5863086
1.12664	1.27988	2.2271	107.807	26.998	179.755	-168.5574882
1.076313843	1.183642931	1.177364723	120.7100236	170.4801858	179.3803558	-168.6125197
1.123293108	1.27935239	2.221593587	109.2708615	27.36098778	179.9674028	-168.5575583
1.589214382	1.219790526	1.545881711	87.1905065	79.53328919	17.26519142	-168.5285328
2.264183087	1.226552864	1.514021101	59.97529683	83.00402119	28.46063869	-168.5498989
1.092832352	1.258660536	1.904133394	113.8350989	41.18830933	179.9990992	-168.5689075
1.700325155	1.229367775	1.603231373	83.05784844	67.35213187	30.77429711	-168.5354921
1.811437524	1.231255989	1.596923155	78.96315724	67.17228085	30.93779587	-168.5426627
1.922548156	1.232514789	1.583247572	74.9535809	68.47126722	30.20225421	-168.5476576
2.022657789	1.3423511	1.460321524	69.68851198	63.12669878	28.12693137	-168.5275647
2.033658688	1.233264933	1.56971588	70.86296786	70.51721092	29.24631172	-168.5504266
2.14267	1.23331	1.55489	66.67278	73.45206	28.27757	-168.5512233
2.152137192	1.233295657	1.551572821	66.00000591	73.91913877	28.27841663	-168.5512149
2.12788083	1.234167969	1.562171249	67.58722061	72.23702502	28.27359743	-168.5511881
1.071573275	1.176670708	1.179918672	127.7100014	170.9408632	180	-168.6155515
1.981338326	1.493471348	1.417318822	69.37823675	56.53674825	27.58854359	-168.4717874
1.18366	1.22771	1.50839	115.066	75.535	0.087	-168.4968473
2.139588442	1.233751962	1.564642452	68.20838505	72.53111043	27.92414922	-168.5511155
1.069848272	1.174029408	1.180856974	130.7099641	171.1828945	179.1755391	-168.616614
1.176877555	1.227178055	1.510679663	115.9714693	75.16854547	0.022217764	-168.4968614
1.105332763	1.292105381	2.159708665	117.3518805	30.24300533	179.9938574	-168.5615163
1.086284493	1.251226628	1.826777808	123.2676115	44.28901566	179.9992296	-168.5795949
1.100523711	1.268540842	2.117526801	120.8889298	32.4763094	179.9993201	-168.5653925
1.08688	1.2595	1.29519	123.601	103.306	92.281	-168.5064192
1.958780999	1.672286298	1.42796823	69.00261643	50.10544671	26.50876953	-168.4099456
2.042778514	1.236501412	1.643322653	74.33506218	63.87503412	28.19103321	-168.5484272
2.040429163	1.236240968	1.647337537	74.6341561	63.5922962	28.17529782	-168.5482466
1.065090072	1.165621896	1.184381263	140.7099789	172.377062	178.9780341	-168.6192191
1.084029661	1.248376763	1.798522059	127.7100254	45.46296559	180	-168.5831178
1.096043212	1.285989711	2.06184852	124.3079628	34.2430106	180	-168.5697624
1.144770145	1.22785434	1.492695073	125.6721335	75.07819001	0.097959238	-168.5007824
2.032707098	1.230634806	1.60983483	76.10542902	67.84857692	27.92569739	-168.5492827
1.091176625	1.257720142	1.994021299	128.6348781	37.63993724	179.976496	-168.5758568
1.067082781	1.178527005	1.212448474	143.6645277	145.5145653	179.899736	-168.5986187
1.068611318	1.189782266	1.202115043	141.2214007	144.2429685	179.9999988	-168.59681
1.072310633	1.206033861	1.216221138	138.8796349	134.243013	180	-168.5765041
1.07408662	1.22730458	1.191132717	135.0261173	135.0156374	179.8321503	-168.5773434
1.082301115	1.246135771	1.770873819	132.699986	46.64685669	179.9880622	-168.5858899
1.065025559	1.175037067	1.194199487	145.7795458	154.2429611	180	-168.610324
1.065246305	1.17944535	1.189089156	144.7045043	154.1991868	179.9965365	-168.6102432
1.0660413	1.179818626	1.196124139	143.8650824	151.0000024	179.67189	-168.6066146
1.061639618	1.158723696	1.187604717	150.7099641	173.9593299	178.8046587	-168.6207648
1.062657072	1.166625331	1.191623346	150.1524181	160.6666349	179.7569622	-168.6159954
1.063498287	1.169762742	1.192321292	148.3374265	158.2100055	179.9367304	-168.6140845
1.061527753	1.162073864	1.191067952	153.4910077	164.2430197	180	-168.6182443
1.069681745	1.180552433	1.284690313	147.6936129	127.4018728	179.1090306	-168.5550108
1.075494531	1.221299026	1.241088851	139.6188747	124.2430252	180	-168.5479357
1.082543776	1.232893165	1.812467921	138.2994299	45.81336665	179.9920032	-168.5860365
1.084947352	1.248905737	1.861551014	135.5066969	42.9937984	179.9969792	-168.5842867
1.087837343	1.269710878	1.911734505	132.554987	40.24297013	179.9915756	-168.5809898
1.060393142	1.155802248	1.189096352	155.7100123	174.9211302	180	-168.6212472
1.060993345	1.160333132	1.19094937	155.2204583	165.7099853	179.9766349	-168.6190019
1.061036396	1.160043742	1.192247092	154.6853503	165.2135779	179.9415994	-168.6187543
1.059274983	1.153622989	1.190219474	160.709917	175.8480039	178.8656562	-168.621609
1.083742658	1.257133521	1.817886949	137.3297144	44.2430307	180	-168.5858679
1.058616658	1.152598783	1.191663248	166.012201	173.2099928	179.9902813	-168.6214827
1.058561312	1.151770278	1.19122823	165.7099502	176.8689703	179.9991194	-168.6218442
1.08042535	1.239140398	1.748121053	140.9725297	48.01464736	179.9983038	-168.5877266
1.080826237	1.243437218	1.755069104	140.6603097	47.44829653	179.9988777	-168.5876727
1.057821879	1.150248604	1.192049546	171.9432534	177.7701669	159.8874259	-168.6220076
1.058202168	1.151207313	1.191529943	167.8250573	177.3151069	178.9070884	-168.6219282
1.058392635	1.151905105	1.191866866	167.4913374	174.2429858	180	-168.6216679
1.078821056	1.237803259	1.697725902	143.3031337	50.24299183	179.9998155	-168.5876984
1.07978	1.24265	1.72495	141.93431	48.74118	179.99821	-168.5878905
1.087055227	1.308681024	1.191917693	132.686456	117.5489603	161.1293	-168.517017
1.057490373	1.149551063	1.19239694	179.0554716	179.9429351	159.4973249	-168.6221173
1.05768923	1.149710034	1.192374127	175.7099782	179.0362456	179.9944738	-168.6220832
1.072744541	1.211885063	1.561002721	150.9734827	60.24298165	179.9998732	-168.5772588
1.04700655	1.248811054	1.761123639	148.0635256	45.97592669	179.9784067	-168.5835829
1.065732856	1.160865586	1.436263649	173.0748259	113.0343166	178.0555358	-168.5094256
1.070857491	1.205592537	1.522329122	153.7671697	64.24303289	179.999878	-168.5701484
1.075891283	1.239090173	1.615122299	146.9487731	54.00286652	179.9631332	-168.5849638
2.01027	1.20838	1.82519	83.046	56.958	27.957	-168.5442511
1.068462434	1.20010079	1.475351153	158.3305657	70.24300751	179.9999991	-168.5581906
1.02189874	1.253876895	1.792616694	156.578276	43.97320178	179.9183306	-168.5692996
1.96842955	1.871219386	1.494749702	70.8995109	42.81303819	20.24815143	-168.3603845
1.066710048	1.189761769	1.347833983	168.0431334	114.2429847	180	-168.5140093
1.067078537	1.198464068	1.450468425	161.8439567	74.24301918	179.9794556	-168.5498632
1.071004001	1.233795379	1.486389178	153.3765876	62.43308683	179.9586291	-168.5710123
1.970233054	1.221529424	1.707751364	85.53788327	62.0575817	27.27762398	-168.5446171
1.06664084	1.184743786	1.405633516	178.864177	104.243004	179.9999991	-168.5038796
1.00752079	1.25674166	1.806864713	167.5179392	43.28000452	179.8383858	-168.545209
1.065596309	1.197854651	1.422780068	168.1174508	80.24303889	180	-168.5374778
2.002772172	1.203770651	1.861008363	85.1449949	55.50870115	27.99077068	-168.5445958
1.065061085	1.198433431	1.409498131	172.6687967	84.24296954	179.9590761	-168.5296297
1.066228427	1.232262875	1.382164028	162.9450249	73.75148151	179.9501903	-168.5468149
1.077669811	1.239384479	1.664884134	155.7100518	51.83973886	180	-168.5837341
1.076877709	1.299687419	1.578994708	147.6695822	51.61596261	179.9847712	-168.5767054
1.076930531	1.237297856	1.625142211	165.710015	54.31373722	180	-168.575957
1.075733399	1.23467183	1.587182791	175.7100457	57.23838537	179.9999991	-168.5649768
1.991053827	1.199103326	1.897549234	89.09629196	53.91880759	28.06054322	-168.5457812
2.004451598	1.19086216	1.911877799	88.84820562	54.75000716	27.98915907	-168.5452911
1.076524998	1.326935012	1.551920629	149.0460074	51.46214289	179.9704493	-168.5684156
1.997457279	1.184730861	1.942431889	94.72269164	53.88637243	27.60268535	-168.5462872
1.078255862	1.447915678	1.513250016	154.3301993	48.72735464	179.9993125	-168.5275812
1.079130908	1.482697901	1.514746302	156.0115889	47.75897472	179.9905273	-168.5165986
1.084527189	1.636321684	1.527646362	165.6700237	44.01975145	179.9915797	-168.4747316
1.085050841	1.659397516	1.526778891	167.4978256	43.57242449	179.9557427	-168.4693105
1.085428035	1.674527235	1.525216291	168.7373476	43.29527367	179.9538091	-168.4658295
1.086320294	1.785047086	1.483479575	179.221891	41.60592393	179.9148645	-168.4423812
1.822379627	1.146643097	2.435705282	150.2407907	0.227116059	178.3306618	-168.6866547
1.853096526	1.149459876	2.440848823	150.7099485	0.030247857	170.5936794	-168.6868994
1.85295952	1.148608166	2.43848365	153.4764956	1.42968219	179.8228735	-168.6870682
1.865423242	1.156249892	2.460606635	151.5882221	0.199691922	179.9963222	-168.6866271
1.86456	1.14946	2.43948	154.63212	1.84728	179.87121	-168.6870947
1.869287529	1.149867673	2.433662292	158.5475952	4.928171556	134.2253281	-168.6862934
1.885536206	1.150976007	2.441270548	156.6237179	2.550541388	179.9647435	-168.6869689
1.873397218	1.150212196	2.429116977	163.3028061	6.270481478	179.3694106	-168.6859281
1.882312062	1.149743292	2.433825497	160.7100165	4.661432068	179.9327883	-168.6865649
1.875869553	1.150638839	2.424420599	165.9120492	7.615304049	179.2799962	-168.6851175
1.881237135	1.151864008	2.411676338	171.1514681	10.30586213	179.0766221	-168.6828478
1.878556006	1.151200848	2.418536754	168.5326844	8.960200172	179.1830775	-168.6840917
1.886431969	1.151423178	2.401788218	174.8590353	12.2370139	179.5754091	-168.6806847
1.88391739	1.15261699	2.40388696	173.7671712	11.65265582	178.9253156	-168.6813817
1.889304353	1.154434664	2.38564149	178.9874255	14.35090731	176.2009996	-168.677765
1.886602008	1.153470446	2.39520038	176.3794971	13.00095102	178.5679737	-168.679689
1.912141094	1.151277988	2.415722596	170.7100313	9.27814766	179.9431711	-168.6834449
