0.99	 1.19	 1.16	 145.3	 174	 180	 -168.481235208411
0.99	 2.42	 1.16	 146.8	 24.5	 0	 -168.229397624029
0.99	 2.49	 1.15	 127.5	 19.7	 0	 -168.256365556932
1.01	 1.22	 1.16	 123.8	 149.7	 179.9	 -168.470323143208
1.01	 1.22	 1.16	 80.2	 178.8	 179.5	 -168.453516684487
1.01	 1.22	 1.16	 84.1	 178.1	 179.7	 -168.459862886789
1.01	 1.22	 1.24	 123.5	 119.9	 180	 -168.395663127948
1.01	 1.23	 1.17	 123.4	 143.9	 179.9	 -168.462299150316
1.01	 1.24	 1.16	 122.6	 145.8	 179.9	 -168.465185344950
1.01	 1.24	 1.17	 122.5	 135.9	 179.8	 -168.446857706939
1.01	 1.24	 1.17	 122.9	 139.1	 179.8	 -168.453715274531
1.01	 1.24	 1.61	 144.9	 58	 180	 -168.276957851381
1.01	 1.25	 1.16	 121.9	 141.1	 179.9	 -168.457238010221
1.01	 1.25	 1.17	 121.9	 131.3	 179.8	 -168.435915191331
1.01	 1.25	 1.17	 122.3	 134.3	 179.8	 -168.443430961295
1.01	 1.26	 1.16	 121.1	 136.4	 179.9	 -168.447733722702
1.01	 1.26	 1.18	 121.2	 126.7	 179.8	 -168.423693433559
1.01	 1.26	 1.18	 121.6	 129.1	 179.9	 -168.430622770321
1.01	 1.27	 1.18	 120.4	 122.1	 179.8	 -168.409164270181
1.01	 1.27	 1.18	 120.9	 124.8	 179.8	 -168.418096532051
1.01	 1.27	 1.56	 129.2	 59.6	 114.4	 -168.283039591342
1.01	 1.28	 1.16	 120.2	 131.9	 179.9	 -168.436879533128
1.01	 1.28	 1.18	 119.9	 120	 179.8	 -168.402032368217
1.01	 1.28	 1.53	 124.9	 60.4	 110.9	 -168.285649570055
1.01	 1.32	 1.15	 118	 123.4	 180	 -168.410439902741
1.01	 1.39	 1.29	 81.4	 69.7	 104	 -168.293067901251
1.01	 1.41	 1.27	 98.2	 68.6	 97.6	 -168.310293540490
1.01	 1.41	 1.28	 94.8	 68.8	 98.8	 -168.308706804292
1.01	 1.42	 1.27	 101.5	 68.4	 96.3	 -168.312062057011
1.01	 1.4	 1.28	 88.1	 69.3	 101.3	 -168.302268995926
1.01	 1.4	 1.28	 91.4	 69.1	 100.1	 -168.305448477096
1.02	 1.21	 1.37	 123.9	 105.2	 180	 -168.313683004546
1.02	 1.22	 1.16	 76.4	 179.2	 179.3	 -168.447179538103
1.02	 1.24	 1.42	 119.6	 79.9	 91.9	 -168.282439720346
1.02	 1.24	 1.4	 117.7	 86.9	 88.9	 -168.274420414842
1.02	 1.24	 2.01	 134.4	 40.3	 179.9	 -168.270965921687
1.02	 1.24	 2.05	 132.1	 38.6	 180	 -168.269474378257
1.02	 1.25	 2.13	 127	 34.8	 179.9	 -168.266287217166
1.02	 1.29	 1.19	 119.3	 117.6	 179.8	 -168.393782512218
1.02	 1.29	 1.36	 114.7	 74.5	 94.3	 -168.300505975004
1.02	 1.31	 1.19	 117.8	 113	 179.9	 -168.375512301661
1.02	 1.31	 1.46	 117.3	 62.4	 105	 -168.294104550194
1.02	 1.32	 1.19	 116.8	 110.4	 179.9	 -168.364184912123
1.02	 1.33	 1.4	 113.5	 64	 101.5	 -168.300941243801
1.02	 1.34	 1.15	 116.6	 119.4	 180	 -168.396309545311
1.02	 1.36	 1.19	 114.2	 105.6	 180	 -168.342007989870
1.02	 1.36	 1.31	 110.3	 71.2	 94.4	 -168.310732615245
1.02	 1.37	 1.19	 113	 103.8	 179.9	 -168.333164427854
1.02	 1.37	 1.29	 74.9	 70.1	 106.7	 -168.280502074994
1.02	 1.38	 1.14	 115.1	 115.7	 180	 -168.379166231762
1.02	 1.38	 1.29	 78.1	 69.9	 105.3	 -168.287349914553
1.02	 1.39	 1.29	 108.6	 69.7	 94.3	 -168.312571188023
1.02	 1.39	 1.32	 109.2	 66.6	 96.9	 -168.310885788674
1.02	 1.3	 1.19	 118.5	 115.2	 179.8	 -168.384517430016
1.02	 1.41	 1.14	 113.3	 112.2	 180	 -168.363939161118
1.02	 1.41	 1.18	 110.3	 100.8	 179.9	 -168.317721615305
1.02	 1.42	 1.24	 107.3	 76.8	 88.3	 -168.309200323289
1.02	 1.42	 1.24	 107.4	 79.1	 86.1	 -168.306766876534
1.02	 1.42	 1.26	 107.2	 72	 91.8	 -168.313017362539
1.02	 1.43	 1.16	 102	 109.1	 0.1	 -168.321262881367
1.02	 1.43	 1.23	 107.4	 81.6	 83.3	 -168.303462963029
1.02	 1.43	 1.27	 104.8	 68.2	 95	 -168.313203331379
1.02	 1.44	 1.26	 106.5	 68.2	 93.8	 -168.313210640617
1.02	 1.44	 1.27	 106.9	 68	 94.1	 -168.313479277042
1.02	 1.44	 1.27	 109.2	 68	 93.4	 -168.313305798278
1.02	 1.46	 1.2	 107.6	 85.4	 75.5	 -168.297465699923
1.02	 1.48	 1.2	 108	 86.4	 71.7	 -168.296543455725
1.02	 1.51	 1.18	 111.7	 89.1	 46.2	 -168.292376624938
1.02	 1.51	 1.25	 104.6	 65.3	 93.8	 -168.311524963091
1.02	 1.55	 1.21	 102.9	 70.6	 89.4	 -168.309654182678
1.02	 1.55	 1.24	 103.6	 63.9	 93.6	 -168.309339191910
1.02	 1.64	 1.22	 101.6	 61	 93.4	 -168.302786105862
1.02	 1.69	 1.21	 100.7	 59.7	 93.3	 -168.298866774087
1.02	 1.6	 1.23	 102.6	 62.4	 93.5	 -168.306205112971
1.02	 1.73	 1.21	 99.8	 58.3	 93.3	 -168.295696891037
1.02	 1.73	 1.26	 102	 52.8	 96.4	 -168.284692283712
1.02	 1.78	 1.2	 98.9	 57	 93.2	 -168.291312862184
1.02	 1.83	 1.19	 98	 55.8	 93.2	 -168.286928633286
1.02	 1.88	 1.19	 97.1	 54.7	 93.2	 -168.283731686077
1.02	 1.92	 1.22	 98.7	 48	 95.9	 -168.269382931182
1.02	 2.54	 1.14	 111.3	 21.2	 0.1	 -168.266886285614
1.02	 2.57	 1.14	 106.2	 12.8	 0.2	 -168.268650230162
1.02	 2.57	 1.14	 107.1	 14.3	 0.2	 -168.268565905357
1.02	 2.57	 1.14	 108.4	 16.7	 0	 -168.268323279485
1.02	 2.57	 1.14	 108	 15.8	 0.2	 -168.268425616754
1.02	 2.57	 1.14	 109.4	 18.9	 0.2	 -168.268024741219
1.02	 2.57	 1.14	 109.9	 20.5	 0.2	 -168.267791477250
1.02	 2.58	 1.14	 103.3	 8.7	 0.3	 -168.268740039345
1.02	 2.58	 1.14	 104.2	 9.9	 0.3	 -168.268824210797
1.02	 2.58	 1.14	 105.2	 11.3	 0.2	 -168.268863001956
1.02	 2.59	 1.14	 102.4	 7.7	 0.3	 -168.268822265769
1.02	 2.59	 1.14	 103	 8.4	 0.3	 -168.268894739610
1.02	 2.6	 1.14	 100.3	 5.2	 0.3	 -168.268607801322
1.02	 2.6	 1.14	 98.3	 3.1	 0	 -168.268139388090
1.03	 1.21	 1.16	 123.1	 172.7	 180	 -168.484153993069
1.03	 1.22	 1.16	 72.7	 179.7	 178.5	 -168.440112256339
1.03	 1.26	 2.23	 118.7	 29.5	 179.9	 -168.261926576582
1.03	 1.26	 2.26	 116.6	 28.3	 180	 -168.261321302011
1.03	 1.26	 2.34	 110.7	 23.4	 180	 -168.260400648892
1.03	 1.37	 1.3	 71.7	 70.3	 108.2	 -168.275163444225
1.03	 1.44	 1.18	 108.5	 99.2	 180	 -168.309855540452
1.03	 1.44	 1.27	 105.2	 68.1	 94.8	 -168.313489139695
1.03	 1.51	 1.16	 103.9	 96	 179.9	 -168.293117608108
1.03	 1.51	 1.18	 113.3	 90	 32.1	 -168.291492587385
1.03	 1.62	 1.15	 96.722	 94.611	 -114.767	 -168.282602141611
1.03	 1.99	 1.17	 95.1	 52.6	 93	 -168.275546121202
1.03	 2.06	 1.17	 94	 51.7	 92.8	 -168.272806979553
1.03	 2.22	 1.15	 92.2	 50.3	 91	 -168.268629450078
1.03	 2.28	 1.14	 92	 49.7	 89.6	 -168.267945716615
1.03	 2.31	 1.14	 92	 49.4	 88.9	 -168.268054496556
1.03	 2.39	 1.14	 92.6	 48.4	 85.4	 -168.268469842094
1.03	 2.46	 1.13	 94.3	 47.2	 79.2	 -168.268614951916
1.03	 2.54	 1.13	 95	 49	 73.5	 -168.270952900866
1.03	 2.57	 1.13	 101	 44.9	 58.1	 -168.269890666603
1.03	 2.57	 1.13	 106.3	 45.7	 38.4	 -168.270273395297
1.03	 2.59	 1.13	 104.8	 44.4	 44.3	 -168.270236018158
1.03	 2.59	 1.14	 110.5	 23.8	 0.2	 -168.267901255632
1.03	 2.61	 1.14	 110.7	 27.4	 0.2	 -168.268220865177
1.03	 2.62	 1.13	 110.7	 29.2	 0.2	 -168.268434937931
1.03	 2.62	 1.13	 110.8	 40.6	 0.1	 -168.270133888136
1.03	 2.63	 1.13	 110.8	 34.8	 0.4	 -168.269273168851
1.03	 2.65	 1.13	 110.2	 38.4	 0.3	 -168.270370031875
1.03	 2.66	 1.13	 110.1	 33.6	 0	 -168.269842411475
1.03	 2.71	 1.7	 74.6	 13.8	 141.1	 -168.087466288651
1.03	 2.78	 1.13	 73.5	 28.6	 175	 -168.267813740411
1.03	 2.79	 1.13	 76.3	 21.9	 171.6	 -168.267273149939
1.04	 1.26	 2.28	 113.4	 26.5	 179.9	 -168.260541259795
1.04	 1.26	 2.32	 109.1	 24.4	 180	 -168.260624027741
1.07	 1.25	 2.37	 95	 18.6	 180	 -168.263458271320
1.07	 1.25	 2.37	 97.2	 19.4	 179.9	 -168.262947555698
1.08	 1.21	 1.16	 120.1	 172.6	 180	 -168.480538421599
1.09	 1.4	 1.28	 88.8	 69.1	 101.6	 -168.301878468283
1.09	 1.4	 1.28	 89.6	 69.1	 101.3	 -168.302608443089
1.11	 1.22	 1.16	 86.6	 176.8	 180	 -168.462049726545
1.11	 1.33	 1.34	 59	 70.1	 115.2	 -168.245712859827
1.13	 1.22	 1.16	 117.2	 172.6	 180	 -168.474723215569
1.15	 1.31	 1.37	 109.8	 77.1	 0.1	 -168.257018535572
1.18	 1.22	 1.16	 114.4	 172.7	 180	 -168.466954639359
1.18	 1.29	 1.42	 107	 76.2	 0.6	 -168.254229793997
1.19	 1.34	 1.31	 75.3	 69.9	 107.9	 -168.273046172384
1.19	 1.35	 1.31	 76	 69.9	 107.7	 -168.275168936315
1.23	 1.22	 1.16	 111.6	 172.8	 180	 -168.458059590136
1.26	 1.23	 1.55	 100.4	 74.1	 0	 -168.261699476061
1.28	 1.22	 1.16	 108.9	 172.9	 180	 -168.448489415675
1.28	 1.31	 1.36	 64.2	 69.2	 113.3	 -168.250717737303
1.34	 1.23	 1.16	 106.2	 173	 180	 -168.436947994762
1.37	 1.22	 1.54	 95.2	 77.5	 0	 -168.272609889159
1.39	 1.23	 1.16	 103.6	 173.1	 179.9	 -168.427041296231
1.39	 1.29	 1.4	 54.7	 67.1	 118.5	 -168.243173719473
1.39	 1.29	 1.4	 54.9	 67.3	 118.5	 -168.243254567632
1.44	 1.23	 1.16	 101.1	 173.2	 179.9	 -168.417265767709
1.46	 1.28	 1.43	 49.9	 65.7	 119.7	 -168.246845392712
1.51	 1.28	 1.43	 48.7	 65.8	 121.4	 -168.250357615526
1.54	 1.19	 1.25	 48.3	 153.1	 0.1	 -168.330333791428
1.63	 1.27	 1.36	 43.4	 74.6	 130.9	 -168.267014996389
1.72	 1.16	 2.47	 162.2	 4.4	 180	 -168.306691166058
1.77	 1.19	 1.26	 41.5	 170	 9	 -168.336314016137
1.77	 1.21	 2.37	 37.4	 4.5	 179.6	 -168.350351145648
1.7	 1.23	 1.79	 93.4	 56.1	 31.5	 -168.298231972690
1.81	 1.23	 1.75	 87.5	 58	 30.6	 -168.304488475667
1.82	 1.17	 2.48	 158.1	 4.3	 180	 -168.350842952928
1.83	 1.17	 2.48	 157.7	 4.3	 179.6	 -168.351177467413
1.83	 1.17	 2.48	 159.2	 5.1	 179.9	 -168.351204671912
1.84	 1.17	 2.42	 178.9	 15.5	 178.3	 -168.348335643722
1.84	 1.17	 2.46	 168.2	 9.7	 179.8	 -168.350528341112
1.84	 1.17	 2.46	 169.1	 10.3	 179.7	 -168.350480436401
1.84	 1.17	 2.47	 162.9	 7	 179.6	 -168.350952660130
1.84	 1.17	 2.47	 164.6	 7.9	 180	 -168.350930569120
1.86	 1.22	 1.24	 36.4	 161.7	 179.9	 -168.338141805554
1.87	 1.22	 1.24	 36.3	 162	 180	 -168.337826398944
1.88	 1.19	 2.36	 32.8	 4.7	 179.5	 -168.359506295764
1.92	 1.23	 1.71	 82.4	 60.2	 29.3	 -168.307760934082
1.93	 1.17	 2.48	 154	 4	 180	 -168.338012038247
1.93	 1.22	 1.96	 97.3	 49.5	 28.9	 -168.307598247491
1.93	 1.23	 1.82	 91.4	 55.4	 28.1	 -168.307616422393
1.95	 1.23	 2.42	 28	 14.9	 140.9	 -168.346434389911
1.95	 1.28	 1.23	 33.4	 124.9	 179.8	 -168.309878435788
1.96	 1.18	 2.35	 28.1	 4.7	 179.4	 -168.365217301449
1.96	 1.22	 1.79	 54.3	 58.3	 17.3	 -168.287057884509
1.96	 1.23	 1.83	 87.3	 55.3	 28.5	 -168.308153898788
1.96	 1.28	 1.23	 32.7	 124.2	 180	 -168.310393715380
1.97	 1.23	 1.6	 58.8	 67.5	 30.8	 -168.292725572762
1.97	 1.26	 1.27	 30.5	 97.9	 180	 -168.330721508628
1.99	 1.23	 1.59	 63.6	 67.4	 30.9	 -168.299924965306
1.9	 1.22	 1.72	 40.5	 60.9	 0	 -168.262862234514
1	 1.21	 1.16	 100.9	 175.1	 179.9	 -168.476931815373
1	 1.21	 1.16	 105.4	 174.3	 179.9	 -168.479865455332
1	 1.21	 1.16	 110.2	 173.7	 180	 -168.482153435794
1	 1.21	 1.16	 115.2	 173.3	 180	 -168.483707022308
1	 1.21	 1.16	 120.5	 172.9	 180	 -168.484544016339
1	 1.21	 1.16	 124.3	 169.1	 179.9	 -168.484388526651
1	 1.21	 1.16	 124.4	 165.3	 179.8	 -168.483280173124
1	 1.21	 1.16	 124.6	 163.5	 180	 -168.482468029490
1	 1.21	 1.16	 124.7	 167.9	 180	 -168.484124702945
1	 1.21	 1.16	 124.7	 172.7	 180	 -168.484692655901
1	 1.21	 1.16	 126.2	 172.7	 180	 -168.484647753010
1	 1.21	 1.17	 124.3	 179.1	 180	 -168.483571197372
1	 1.22	 1.16	 123.7	 155.4	 179.8	 -168.476848927124
1	 1.22	 1.16	 123.9	 160.3	 179.8	 -168.480849300479
1	 1.22	 1.16	 124.1	 154.3	 180	 -168.475746720898
1	 1.22	 1.16	 124.3	 158.3	 180	 -168.479386979881
1	 1.22	 1.16	 88.1	 177.4	 179.8	 -168.464857777024
1	 1.22	 1.16	 92.2	 176.6	 179.9	 -168.469822933984
1	 1.22	 1.16	 96.5	 175.8	 179.9	 -168.474145822254
1	 1.22	 1.17	 124.6	 150.9	 180	 -168.472121960297
1	 1.27	 1.2	 110.6	 119.1	 24.1	 -168.353503636712
1	 1.34	 1.33	 145.9	 68.8	 88.7	 -168.292373089651
1	 1.38	 1.3	 133.4	 68.7	 88.4	 -168.301070099906
1	 1.42	 1.28	 120.4	 68.2	 90.3	 -168.309233205721
2.01	 1.23	 1.67	 77.9	 63	 28.3	 -168.308367329088
2.02	 1.18	 2.35	 24.8	 4.5	 180	 -168.368258260652
2.02	 1.49	 1.38	 66.8	 58.9	 27.6	 -168.232538025903
2.03	 1.23	 1.68	 77.5	 62.9	 27.9	 -168.308415815902
2.03	 1.23	 1.69	 31.8	 59.8	 0.1	 -168.257552727904
2.04	 1.17	 2.35	 23.4	 4.4	 179.2	 -168.369155622021
2.04	 1.23	 1.68	 31.3	 60.1	 0	 -168.257391053593
2.05	 1.29	 1.23	 28.6	 117.8	 180	 -168.320226531976
2.06	 1.25	 1.28	 26.2	 92.5	 180	 -168.340159505589
2.06	 1.27	 1.25	 27.3	 114.5	 180	 -168.327517901029
2.07	 1.26	 2	 25.9	 39	 92.3	 -168.259764700252
2.07	 1.67	 1.33	 62	 55.4	 26.5	 -168.175144848785
2.08	 1.24	 1.56	 70.8	 70.8	 28.2	 -168.305634948303
2.09	 1.24	 1.56	 70.5	 71.2	 28.2	 -168.305550557947
2.11	 1.23	 1.62	 69.4	 67.3	 27.9	 -168.306507944667
2.11	 1.23	 1.67	 26.1	 59.7	 0.1	 -168.262327524772
2.11	 1.29	 1.23	 25.4	 109.8	 180	 -168.331363178333
2.12	 1.26	 1.26	 23.7	 104.8	 180	 -168.339314912064
2.13	 1.18	 2.28	 17.2	 17.5	 179.9	 -168.353531403825
2.13	 1.19	 2.28	 18.3	 18	 180	 -168.352552441248
2.13	 1.21	 2.23	 19.3	 23	 180	 -168.334836620476
2.13	 1.23	 2.23	 20.9	 22.1	 179.8	 -168.335715389507
2.13	 1.25	 1.29	 21.9	 88.6	 180	 -168.345043025431
2.14	 1.18	 2.31	 16.2	 13	 180	 -168.363629476319
2.14	 1.18	 2.31	 16.7	 13	 180	 -168.363716612248
2.14	 1.18	 2.3	 17.1	 14.6	 179.7	 -168.360635406248
2.15	 1.16	 2.34	 14	 3.1	 178.8	 -168.372078391234
2.15	 1.17	 2.32	 14.2	 9.8	 179.8	 -168.367951514067
2.15	 1.17	 2.32	 15.1	 11	 179.9	 -168.366782379254
2.16	 1.16	 2.33	 12.6	 8	 180	 -168.369903735108
2.16	 1.18	 2.21	 15.3	 27.5	 179.1	 -168.314163133788
2.16	 1.22	 2.18	 18.9	 28.1	 180	 -168.311305194151
2.16	 1.23	 1.3	 19.4	 91.3	 180	 -168.345867254891
2.16	 1.25	 1.27	 20.6	 95.1	 180	 -168.345224803208
2.16	 1.27	 1.25	 21.8	 98.7	 180	 -168.342767217649
2.17	 1.16	 2.33	 11.8	 7.2	 180	 -168.370476472851
2.17	 1.16	 2.33	 12.1	 7.5	 179.9	 -168.370284926696
2.17	 1.16	 2.34	 11.6	 2.6	 180	 -168.372302709775
2.18	 1.15	 2.34	 9.2	 2.1	 178.9	 -168.372333417986
2.18	 1.26	 1.27	 19.7	 92	 180	 -168.346036052669
2.19	 1.15	 2.34	 6.7	 3.5	 180	 -168.372144370186
2.19	 1.15	 2.34	 6.8	 1.6	 180	 -168.372429831016
2.19	 1.24	 1.29	 18.2	 87.5	 180	 -168.345927191657
2.19	 1.24	 1.3	 18.1	 86.9	 180	 -168.346192987918
2.1	 1.17	 2.34	 18.7	 3.8	 179	 -168.370923756662
2.1	 1.25	 1.28	 24.2	 90.6	 180	 -168.342820824506
2.21	 1.15	 2.34	 0.5	 0	 159.5	 -168.372496768562
2.21	 1.15	 2.34	 2.1	 0.5	 180	 -168.372495650056
2.21	 1.21	 1.42	 13.6	 72.1	 180	 -168.331844523090
2.21	 1.25	 1.27	 14.5	 88.9	 180	 -168.342255110550
2.22	 1.16	 2.17	 3.3	 37.5	 178.1	 -168.265270160239
2.22	 1.21	 1.48	 12.3	 68.4	 180	 -168.325093185523
2.22	 1.21	 1.54	 64.2	 82.1	 28	 -168.303023587206
2.22	 1.24	 1.34	 15.3	 77.5	 180	 -168.340752212914
2.23	 1.25	 1.25	 10.5	 91.7	 179.9	 -168.329027483691
2.23	 1.2	 1.56	 10.2	 63.2	 180	 -168.312817608393
2.23	 1.87	 1.28	 56.6	 52.7	 20.2	 -168.123557392714
2.24	 1.19	 2.13	 5.7	 35.2	 180	 -168.270641984812
2.24	 1.22	 1.57	 61.5	 74.4	 27.3	 -168.302063525661
2.24	 1.23	 1.43	 12.4	 67.5	 180	 -168.325421599218
2.24	 1.2	 1.61	 8.5	 60	 180	 -168.305305955474
2.25	 1.18	 2.05	 0.5	 41.7	 180	 -168.258163210706
2.25	 1.26	 1.24	 5.6	 92.7	 179.8	 -168.304813796502
2.25	 1.2	 1.54	 62.6	 84.4	 28	 -168.304104870770
2.25	 1.2	 1.7	 5.6	 55.7	 180	 -168.293964505183
2.26	 1.2	 1.76	 3.4	 53	 180	 -168.286758492255
2.27	 1.23	 1.57	 7.9	 57.5	 180	 -168.302169366025
2.27	 1.24	 1.33	 11.3	 80.9	 180	 -168.340543377635
2.28	 1.3	 1.28	 14.6	 75.5	 180	 -168.332506200058
2.2	 1.15	 2.34	 3.9	 1.1	 159.9	 -168.372460184728
2.2	 1.15	 2.34	 5.8	 1.4	 178.9	 -168.372466017039
2.2	 1.15	 2.34	 6	 2.9	 180	 -168.372297838499
2.2	 1.24	 1.31	 17	 83.4	 180	 -168.345005920775
2.2	 1.24	 1.3	 17.6	 85.4	 180	 -168.345639102218
2.2	 1.31	 2.14	 21.3	 29.6	 161.1	 -168.291228825192
2.31	 1.19	 1.56	 60.1	 86.8	 28	 -168.306551938825
2.31	 1.23	 1.39	 2	 74.3	 180	 -168.320365992611
2.31	 1.2	 1.54	 59.6	 87	 28.1	 -168.307018609835
2.32	 1.33	 1.27	 13.8	 73.5	 180	 -168.324493382116
2.3	 1.24	 1.35	 6.6	 77.6	 180	 -168.331936365682
2.46	 1.45	 1.22	 10.9	 68.4	 180	 -168.282638804715
2.4	 1.18	 1.57	 55.9	 88.5	 27.6	 -168.308466394202
2.51	 1.48	 1.21	 10.1	 67.5	 180	 -168.272059778027
2.73	 1.66	 1.19	 4.9	 62.3	 180	 -168.224456807432
2.75	 1.67	 1.19	 4.4	 61.6	 180	 -168.221160878101
2.7	 1.64	 1.19	 5.7	 63.1	 180	 -168.229127812772
2.87	 1.15	 1.29	 18.3	 179.6	 178.3	 -168.445246848706
2.87	 1.79	 1.19	 0.3	 55.5	 179.9	 -168.199073211495
2.91	 1.15	 1.29	 18.1	 179.9	 170.6	 -168.445553389952
2.93	 1.15	 1.29	 16.4	 177.3	 179.8	 -168.445687531907
2.93	 1.16	 1.3	 17.6	 179.6	 180	 -168.445935317588
2.94	 1.15	 1.29	 15.7	 176.5	 179.9	 -168.445657589557
2.97	 1.15	 1.29	 13.3	 170.7	 134.2	 -168.444913276860
2.98	 1.15	 1.29	 14.6	 175.2	 180	 -168.445436557208
2.99	 1.15	 1.29	 10.4	 168.1	 179.4	 -168.444566907609
2.99	 1.15	 1.29	 12	 171.2	 179.9	 -168.445105657432
2	 1.23	 1.61	 68.4	 66.1	 30.2	 -168.304683352589
2	 1.23	 1.64	 73.6	 64.4	 29.2	 -168.307383580653
2	 1.23	 1.69	 78.9	 62.1	 28.3	 -168.308530923057
2	 1.23	 1.69	 79.7	 61.7	 28.3	 -168.308454182115
2	 1.34	 1.47	 71.3	 62.4	 28.1	 -168.284999779387
3.02	 1.15	 1.29	 5.5	 160.5	 179.1	 -168.441715264616
3.02	 1.15	 1.29	 7.1	 163.1	 179.2	 -168.442849759095
3.03	 1.15	 1.3	 3.2	 156.9	 179.6	 -168.439982484450
3.03	 1.15	 1.3	 3.9	 158	 178.9	 -168.440626694727
3.04	 1.15	 1.3	 0.6	 152.9	 176.2	 -168.437284243291
3.04	 1.15	 1.3	 2.2	 155.5	 178.6	 -168.439078116979
3.05	 1.15	 1.29	 5.8	 162.5	 179.9	 -168.442086656700
3	 1.15	 1.29	 8.7	 165.6	 179.3	 -168.443809474904
