0.99	2.49	1.15	127.5	19.7	0	-168.5023334
0.99	1.19	1.16	145.3	174	180	-168.7300934
0.99	2.42	1.16	146.8	24.5	0	-168.4750491
1.00	1.22	1.16	88.1	177.4	179.8	-168.7123381
1.00	1.22	1.16	92.2	176.6	179.9	-168.7171064
1.00	1.22	1.16	96.5	175.8	179.9	-168.7212929
1.00	1.21	1.16	100.9	175.1	179.9	-168.7248769
1.00	1.21	1.16	105.4	174.3	179.9	-168.7278333
1.00	1.21	1.16	110.2	173.7	180	-168.7301357
1.00	1.27	1.20	110.6	119.1	24.1	-168.593077
1.00	1.21	1.16	115.2	173.3	180	-168.7317564
1.00	1.42	1.28	120.4	68.2	90.3	-168.554561
1.00	1.21	1.16	120.5	172.9	180	-168.7326678
1.00	1.22	1.16	123.7	155.4	179.8	-168.7243034
1.00	1.22	1.16	123.9	160.3	179.8	-168.7285016
1.00	1.22	1.16	124.1	154.3	180	-168.7231967
1.00	1.21	1.16	124.3	169.1	179.9	-168.7324933
1.00	1.21	1.17	124.3	179.1	180	-168.731548
1.00	1.22	1.16	124.3	158.3	180	-168.7269808
1.00	1.21	1.16	124.4	165.3	179.8	-168.7312905
1.00	1.21	1.16	124.6	163.5	180	-168.7304785
1.00	1.22	1.17	124.6	150.9	180	-168.7190832
1.00	1.21	1.16	124.7	172.7	180	-168.7328685
1.00	1.21	1.16	124.7	167.9	180	-168.7322186
1.00	1.21	1.16	126.2	172.7	180	-168.7328406
1.00	1.38	1.30	133.4	68.7	88.4	-168.5468511
1.00	1.34	1.33	145.9	68.8	88.7	-168.538759
1.01	1.22	1.16	80.2	178.8	179.5	-168.701105
1.01	1.39	1.29	81.4	69.7	104	-168.5373975
1.01	1.22	1.16	84.1	178.1	179.7	-168.7070028
1.01	1.40	1.28	88.1	69.3	101.3	-168.5466664
1.01	1.40	1.28	91.4	69.1	100.1	-168.5503671
1.01	1.41	1.28	94.8	68.8	98.8	-168.5533927
1.01	1.41	1.27	98.2	68.6	97.6	-168.5557132
1.01	1.42	1.27	101.5	68.4	96.3	-168.5573055
1.01	1.32	1.15	118	123.4	180	-168.6534796
1.01	1.28	1.18	119.9	120	179.8	-168.6441661
1.01	1.28	1.16	120.2	131.9	179.9	-168.6811844
1.01	1.27	1.18	120.4	122.1	179.8	-168.652193
1.01	1.27	1.18	120.9	124.8	179.8	-168.6610932
1.01	1.26	1.16	121.1	136.4	179.9	-168.6928379
1.01	1.26	1.18	121.2	126.7	179.8	-168.6674816
1.01	1.26	1.18	121.6	129.1	179.9	-168.6745488
1.01	1.25	1.16	121.9	141.1	179.9	-168.7029642
1.01	1.25	1.17	121.9	131.3	179.8	-168.680832
1.01	1.25	1.17	122.3	134.3	179.8	-168.6885748
1.01	1.24	1.17	122.5	135.9	179.8	-168.6923968
1.01	1.24	1.16	122.6	145.8	179.9	-168.7115668
1.01	1.24	1.17	122.9	139.1	179.8	-168.6994668
1.01	1.23	1.17	123.4	143.9	179.9	-168.7086523
1.01	1.22	1.24	123.5	119.9	180	-168.6380875
1.01	1.22	1.16	123.8	149.7	179.9	-168.7176273
1.01	1.28	1.53	124.9	60.4	110.9	-168.5326624
1.01	1.27	1.56	129.2	59.6	114.4	-168.5301479
1.01	1.24	1.61	144.9	58	180	-168.52375
1.02	1.37	1.29	74.9	70.1	106.7	-168.5259682
1.02	1.22	1.16	76.4	179.2	179.3	-168.6946299
1.02	1.38	1.29	78.1	69.9	105.3	-168.5319251
1.02	1.88	1.19	97.1	54.7	93.2	-168.5260911
1.02	1.83	1.19	98	55.8	93.2	-168.530316
1.02	2.60	1.14	98.3	3.1	0	-168.5139415
1.02	1.92	1.22	98.7	48	95.9	-168.5103984
1.02	1.78	1.20	98.9	57	93.2	-168.5346031
1.02	1.73	1.21	99.8	58.3	93.3	-168.5388661
1.02	2.60	1.14	100.3	5.2	0.3	-168.5143699
1.02	1.69	1.21	100.7	59.7	93.3	-168.5430154
1.02	1.64	1.22	101.6	61	93.4	-168.5469518
1.02	1.43	1.16	102	109.1	0.1	-168.5565814
1.02	1.73	1.26	102	52.8	96.4	-168.5276073
1.02	2.59	1.14	102.4	7.7	0.3	-168.5146311
1.02	1.60	1.23	102.6	62.4	93.5	-168.5505578
1.02	1.55	1.21	102.9	70.6	89.4	-168.5523654
1.02	2.59	1.14	103	8.4	0.3	-168.5146537
1.02	2.58	1.14	103.3	8.7	0.3	-168.514656
1.02	1.55	1.24	103.6	63.9	93.6	-168.5536891
1.02	2.58	1.14	104.2	9.9	0.3	-168.5146264
1.02	1.51	1.25	104.6	65.3	93.8	-168.5561689
1.02	1.43	1.27	104.8	68.2	95	-168.5581517
1.02	2.58	1.14	105.2	11.3	0.2	-168.5145027
1.02	2.57	1.14	106.2	12.8	0.2	-168.5142819
1.02	1.44	1.26	106.5	68.2	93.8	-168.5582505
1.02	1.44	1.27	106.9	68	94.1	-168.5582959
1.02	2.57	1.14	107.1	14.3	0.2	-168.5139653
1.02	1.42	1.26	107.2	72	91.8	-168.5565825
1.02	1.42	1.24	107.3	76.8	88.3	-168.550707
1.02	1.42	1.24	107.4	79.1	86.1	-168.546772
1.02	1.43	1.23	107.4	81.6	83.3	-168.5420734
1.02	1.46	1.20	107.6	85.4	75.5	-168.5346643
1.02	1.48	1.20	108	86.4	71.7	-168.5328945
1.02	2.57	1.14	108	15.8	0.2	-168.5135562
1.02	2.57	1.14	108.4	16.7	0	-168.5132733
1.02	1.39	1.29	108.6	69.7	94.3	-168.557399
1.02	1.44	1.27	109.2	68	93.4	-168.5581665
1.02	1.39	1.32	109.2	66.6	96.9	-168.5565938
1.02	2.57	1.14	109.4	18.9	0.2	-168.5124893
1.02	2.57	1.14	109.9	20.5	0.2	-168.5118562
1.02	1.36	1.31	110.3	71.2	94.4	-168.5548202
1.02	1.41	1.18	110.3	100.8	179.9	-168.5536068
1.02	2.54	1.14	111.3	21.2	0.1	-168.5113432
1.02	1.51	1.18	111.7	89.1	46.2	-168.5295102
1.02	1.37	1.19	113	103.8	179.9	-168.5696043
1.02	1.41	1.14	113.3	112.2	180	-168.6038995
1.02	1.33	1.40	113.5	64	101.5	-168.5480336
1.02	1.36	1.19	114.2	105.6	180	-168.5791133
1.02	1.29	1.36	114.7	74.5	94.3	-168.5436321
1.02	1.38	1.14	115.1	115.7	180	-168.6210363
1.02	1.34	1.15	116.6	119.4	180	-168.6377112
1.02	1.32	1.19	116.8	110.4	179.9	-168.603159
1.02	1.31	1.46	117.3	62.4	105	-168.5409106
1.02	1.24	1.40	117.7	86.9	88.9	-168.513537
1.02	1.31	1.19	117.8	113	179.9	-168.6152145
1.02	1.30	1.19	118.5	115.2	179.8	-168.6248889
1.02	1.29	1.19	119.3	117.6	179.8	-168.6348142
1.02	1.24	1.42	119.6	79.9	91.9	-168.5242257
1.02	1.21	1.37	123.9	105.2	180	-168.5458547
1.02	1.25	2.13	127	34.8	179.9	-168.5095821
1.02	1.24	2.05	132.1	38.6	180	-168.5125879
1.02	1.24	2.01	134.4	40.3	179.9	-168.5140339
1.03	1.37	1.30	71.7	70.3	108.2	-168.5195896
1.03	1.22	1.16	72.7	179.7	178.5	-168.6875348
1.03	2.78	1.13	73.5	28.6	175	-168.5037602
1.03	2.71	1.70	74.6	13.8	141.1	-168.5027156
1.03	2.79	1.13	76.3	21.9	171.6	-168.5051166
1.03	2.28	1.14	92	49.7	89.6	-168.5081684
1.03	2.31	1.14	92	49.4	88.9	-168.507725
1.03	2.22	1.15	92.2	50.3	91	-168.5094844
1.03	2.39	1.14	92.6	48.4	85.4	-168.5064556
1.03	2.06	1.17	94	51.7	92.8	-168.5147602
1.03	2.46	1.13	94.3	47.2	79.2	-168.5055822
1.03	2.54	1.13	95	49	73.5	-168.5054448
1.03	1.99	1.17	95.1	52.6	93	-168.5182014
1.03	2.57	1.13	101	44.9	58.1	-168.5048906
1.03	1.51	1.16	103.9	96	179.9	-168.5293429
1.03	2.59	1.13	104.8	44.4	44.3	-168.5048943
1.03	1.44	1.27	105.2	68.1	94.8	-168.5582147
1.03	2.57	1.13	106.3	45.7	38.4	-168.5048658
1.03	1.44	1.18	108.5	99.2	180	-168.5451321
1.03	2.66	1.13	110.1	33.6	0	-168.5072184
1.03	2.65	1.13	110.2	38.4	0.3	-168.5060125
1.03	2.59	1.14	110.5	23.8	0.2	-168.5104875
1.03	2.61	1.14	110.7	27.4	0.2	-168.5091334
1.03	2.62	1.13	110.7	29.2	0.2	-168.5084998
1.03	1.26	2.34	110.7	23.4	180	-168.5060139
1.03	2.63	1.13	110.8	34.8	0.4	-168.5068238
1.03	2.62	1.13	110.8	40.6	0.1	-168.5055282
1.03	1.51	1.18	113.3	90	32.1	-168.5292668
1.03	1.26	2.26	116.6	28.3	180	-168.5059248
1.03	1.26	2.23	118.7	29.5	179.9	-168.5063152
1.03	1.21	1.16	123.1	172.7	180	-168.7322897
1.03	1.62	1.15	96.722	94.611	-114.767	-168.5180376
1.04	1.26	2.32	109.1	24.4	180	-168.5060974
1.04	1.26	2.28	113.4	26.5	179.9	-168.5057202
1.07	1.25	2.37	95	18.6	180	-168.5103804
1.07	1.25	2.37	97.2	19.4	179.9	-168.5095598
1.08	1.21	1.16	120.1	172.6	180	-168.7285085
1.09	1.40	1.28	88.8	69.1	101.6	-168.5462055
1.09	1.40	1.28	89.6	69.1	101.3	-168.5474181
1.11	1.33	1.34	59	70.1	115.2	-168.4911777
1.11	1.22	1.16	86.6	176.8	180	-168.7095321
1.13	1.22	1.16	117.2	172.6	180	-168.7221069
1.15	1.31	1.37	109.8	77.1	0.1	-168.4983993
1.18	1.29	1.42	107	76.2	0.6	-168.4958629
1.18	1.22	1.16	114.4	172.7	180	-168.7139236
1.19	1.34	1.31	75.3	69.9	107.9	-168.5181725
1.19	1.35	1.31	76	69.9	107.7	-168.5195895
1.23	1.22	1.16	111.6	172.8	180	-168.7045849
1.26	1.23	1.55	100.4	74.1	0	-168.5045593
1.28	1.31	1.36	64.2	69.2	113.3	-168.4955846
1.28	1.22	1.16	108.9	172.9	180	-168.6945551
1.34	1.23	1.16	106.2	173	180	-168.6841751
1.37	1.22	1.54	95.2	77.5	0	-168.5151061
1.39	1.29	1.40	54.7	67.1	118.5	-168.487607
1.39	1.29	1.40	54.9	67.3	118.5	-168.4875972
1.39	1.23	1.16	103.6	173.1	179.9	-168.6736938
1.44	1.23	1.16	101.1	173.2	179.9	-168.6632888
1.46	1.28	1.43	49.9	65.7	119.7	-168.4902676
1.51	1.28	1.43	48.7	65.8	121.4	-168.4927759
1.54	1.19	1.25	48.3	153.1	0.1	-168.5741816
1.63	1.27	1.36	43.4	74.6	130.9	-168.5052494
1.70	1.23	1.79	93.4	56.1	31.5	-168.5402957
1.72	1.16	2.47	162.2	4.4	180	-168.5521648
1.77	1.21	2.37	37.4	4.5	179.6	-168.5980058
1.77	1.19	1.26	41.5	170	9	-168.5790704
1.81	1.23	1.75	87.5	58	30.6	-168.546942
1.82	1.17	2.48	158.1	4.3	180	-168.5939654
1.83	1.17	2.48	157.7	4.3	179.6	-168.5942344
1.83	1.17	2.48	159.2	5.1	179.9	-168.5942127
1.84	1.17	2.47	162.9	7	179.6	-168.5940464
1.84	1.17	2.47	164.6	7.9	180	-168.5939135
1.84	1.17	2.46	168.2	9.7	179.8	-168.5935066
1.84	1.17	2.46	169.1	10.3	179.7	-168.5933669
1.84	1.17	2.42	178.9	15.5	178.3	-168.5911485
1.86	1.22	1.24	36.4	161.7	179.9	-168.5774239
1.87	1.22	1.24	36.3	162	180	-168.5771274
1.88	1.19	2.36	32.8	4.7	179.5	-168.606463
1.90	1.22	1.72	40.5	60.9	0	-168.5051373
1.92	1.23	1.71	82.4	60.2	29.3	-168.5505049
1.93	1.23	1.82	91.4	55.4	28.1	-168.5495201
1.93	1.22	1.96	97.3	49.5	28.9	-168.5487781
1.93	1.17	2.48	154	4	180	-168.5812311
1.95	1.23	2.42	28	14.9	140.9	-168.5863086
1.95	1.28	1.23	33.4	124.9	179.8	-168.5574882
1.96	1.18	2.35	28.1	4.7	179.4	-168.6125197
1.96	1.28	1.23	32.7	124.2	180	-168.5575583
1.96	1.22	1.79	54.3	58.3	17.3	-168.5285328
1.96	1.23	1.83	87.3	55.3	28.5	-168.5498989
1.97	1.26	1.27	30.5	97.9	180	-168.5689075
1.97	1.23	1.60	58.8	67.5	30.8	-168.5354921
1.99	1.23	1.59	63.6	67.4	30.9	-168.5426627
2.00	1.23	1.61	68.4	66.1	30.2	-168.5476576
2.00	1.34	1.47	71.3	62.4	28.1	-168.5275647
2.00	1.23	1.64	73.6	64.4	29.2	-168.5504266
2.00	1.23	1.69	78.9	62.1	28.3	-168.5512233
2.00	1.23	1.69	79.7	61.7	28.3	-168.5512149
2.01	1.23	1.67	77.9	63	28.3	-168.5511881
2.02	1.18	2.35	24.8	4.5	180	-168.6155515
2.02	1.49	1.38	66.8	58.9	27.6	-168.4717874
2.03	1.23	1.69	31.8	59.8	0.1	-168.4968473
2.03	1.23	1.68	77.5	62.9	27.9	-168.5511155
2.04	1.17	2.35	23.4	4.4	179.2	-168.616614
2.04	1.23	1.68	31.3	60.1	0	-168.4968614
2.05	1.29	1.23	28.6	117.8	180	-168.5615163
2.06	1.25	1.28	26.2	92.5	180	-168.5795949
2.06	1.27	1.25	27.3	114.5	180	-168.5653925
2.07	1.26	2.00	25.9	39	92.3	-168.5064192
2.07	1.67	1.33	62	55.4	26.5	-168.4099456
2.08	1.24	1.56	70.8	70.8	28.2	-168.5484272
2.09	1.24	1.56	70.5	71.2	28.2	-168.5482466
2.10	1.17	2.34	18.7	3.8	179	-168.6192191
2.10	1.25	1.28	24.2	90.6	180	-168.5831178
2.11	1.29	1.23	25.4	109.8	180	-168.5697624
2.11	1.23	1.67	26.1	59.7	0.1	-168.5007824
2.11	1.23	1.62	69.4	67.3	27.9	-168.5492827
2.12	1.26	1.26	23.7	104.8	180	-168.5758568
2.13	1.18	2.28	17.2	17.5	179.9	-168.5986187
2.13	1.19	2.28	18.3	18	180	-168.59681
2.13	1.21	2.23	19.3	23	180	-168.5765041
2.13	1.23	2.23	20.9	22.1	179.8	-168.5773434
2.13	1.25	1.29	21.9	88.6	180	-168.5858899
2.14	1.18	2.31	16.2	13	180	-168.610324
2.14	1.18	2.31	16.7	13	180	-168.6102432
2.14	1.18	2.30	17.1	14.6	179.7	-168.6066146
2.15	1.16	2.34	14	3.1	178.8	-168.6207648
2.15	1.17	2.32	14.2	9.8	179.8	-168.6159954
2.15	1.17	2.32	15.1	11	179.9	-168.6140845
2.16	1.16	2.33	12.6	8	180	-168.6182443
2.16	1.18	2.21	15.3	27.5	179.1	-168.5550108
2.16	1.22	2.18	18.9	28.1	180	-168.5479357
2.16	1.23	1.30	19.4	91.3	180	-168.5860365
2.16	1.25	1.27	20.6	95.1	180	-168.5842867
2.16	1.27	1.25	21.8	98.7	180	-168.5809898
2.17	1.16	2.34	11.6	2.6	180	-168.6212472
2.17	1.16	2.33	11.8	7.2	180	-168.6190019
2.17	1.16	2.33	12.1	7.5	179.9	-168.6187543
2.18	1.15	2.34	9.2	2.1	178.9	-168.621609
2.18	1.26	1.27	19.7	92	180	-168.5858679
2.19	1.15	2.34	6.7	3.5	180	-168.6214827
2.19	1.15	2.34	6.8	1.6	180	-168.6218442
2.19	1.24	1.30	18.1	86.9	180	-168.5877266
2.19	1.24	1.29	18.2	87.5	180	-168.5876727
2.20	1.15	2.34	3.9	1.1	159.9	-168.6220076
2.20	1.15	2.34	5.8	1.4	178.9	-168.6219282
2.20	1.15	2.34	6	2.9	180	-168.6216679
2.20	1.24	1.31	17	83.4	180	-168.5876984
2.20	1.24	1.30	17.6	85.4	180	-168.5878905
2.20	1.31	2.14	21.3	29.6	161.1	-168.517017
2.21	1.15	2.34	0.5	0	159.5	-168.6221173
2.21	1.15	2.34	2.1	0.5	180	-168.6220832
2.21	1.21	1.42	13.6	72.1	180	-168.5772588
2.21	1.25	1.27	14.5	88.9	180	-168.5835829
2.22	1.16	2.17	3.3	37.5	178.1	-168.5094256
2.22	1.21	1.48	12.3	68.4	180	-168.5701484
2.22	1.24	1.34	15.3	77.5	180	-168.5849638
2.22	1.21	1.54	64.2	82.1	28	-168.5442511
2.23	1.20	1.56	10.2	63.2	180	-168.5581906
2.23	1.25	1.25	10.5	91.7	179.9	-168.5692996
2.23	1.87	1.28	56.6	52.7	20.2	-168.3603845
2.24	1.19	2.13	5.7	35.2	180	-168.5140093
2.24	1.20	1.61	8.5	60	180	-168.5498632
2.24	1.23	1.43	12.4	67.5	180	-168.5710123
2.24	1.22	1.57	61.5	74.4	27.3	-168.5446171
2.25	1.18	2.05	0.5	41.7	180	-168.5038796
2.25	1.26	1.24	5.6	92.7	179.8	-168.545209
2.25	1.20	1.70	5.6	55.7	180	-168.5374778
2.25	1.20	1.54	62.6	84.4	28	-168.5445958
2.26	1.20	1.76	3.4	53	180	-168.5296297
2.27	1.23	1.57	7.9	57.5	180	-168.5468149
2.27	1.24	1.33	11.3	80.9	180	-168.5837341
2.28	1.30	1.28	14.6	75.5	180	-168.5767054
2.30	1.24	1.35	6.6	77.6	180	-168.575957
2.31	1.23	1.39	2	74.3	180	-168.5649768
2.31	1.20	1.54	59.6	87	28.1	-168.5457812
2.31	1.19	1.56	60.1	86.8	28	-168.5452911
2.32	1.33	1.27	13.8	73.5	180	-168.5684156
2.40	1.18	1.57	55.9	88.5	27.6	-168.5462872
2.46	1.45	1.22	10.9	68.4	180	-168.5275812
2.51	1.48	1.21	10.1	67.5	180	-168.5165986
2.70	1.64	1.19	5.7	63.1	180	-168.4747316
2.73	1.66	1.19	4.9	62.3	180	-168.4693105
2.75	1.67	1.19	4.4	61.6	180	-168.4658295
2.87	1.79	1.19	0.3	55.5	179.9	-168.4423812
2.87	1.15	1.29	18.3	179.6	178.3	-168.6866547
2.91	1.15	1.29	18.1	179.9	170.6	-168.6868994
2.93	1.15	1.29	16.4	177.3	179.8	-168.6870682
2.93	1.16	1.30	17.6	179.6	180	-168.6866271
2.94	1.15	1.29	15.7	176.5	179.9	-168.6870947
2.97	1.15	1.29	13.3	170.7	134.2	-168.6862934
2.98	1.15	1.29	14.6	175.2	180	-168.6869689
2.99	1.15	1.29	10.4	168.1	179.4	-168.6859281
2.99	1.15	1.29	12	171.2	179.9	-168.6865649
3.00	1.15	1.29	8.7	165.6	179.3	-168.6851175
3.02	1.15	1.29	5.5	160.5	179.1	-168.6828478
3.02	1.15	1.29	7.1	163.1	179.2	-168.6840917
3.03	1.15	1.30	3.2	156.9	179.6	-168.6806847
3.03	1.15	1.30	3.9	158	178.9	-168.6813817
3.04	1.15	1.30	0.6	152.9	176.2	-168.677765
3.04	1.15	1.30	2.2	155.5	178.6	-168.679689
3.05	1.15	1.29	5.8	162.5	179.9	-168.6834449
