0.831	1.622	1.147	96.722	94.611	0	-168.2412417
0.931	1.622	1.147	96.722	94.611	0	-168.2779203
0.981	1.622	1.147	96.722	94.611	0	-168.2849447
1.031	1.322	1.147	96.722	94.611	0	-168.2543231
1.031	1.422	1.147	96.722	94.611	0	-168.2768782
1.031	1.522	1.147	96.722	94.611	0	-168.2856784
1.031	1.572	1.147	96.722	94.611	0	-168.2870017
1.031	1.622	0.947	96.722	94.611	0	-168.1469202
1.031	1.622	1.047	96.722	94.611	0	-168.2559482
1.031	1.622	1.097	96.722	94.611	0	-168.2782463
1.031	1.622	1.147	71.722	94.611	0	-168.2351355
1.031	1.622	1.147	76.722	94.611	0	-168.2518899
1.031	1.622	1.147	81.722	94.611	0	-168.2650891
1.031	1.622	1.147	86.722	94.611	0	-168.2750943
1.031	1.622	1.147	91.722	94.611	0	-168.2822909
1.031	1.622	1.147	96.722	64.611	0	-168.1878283
1.031	1.622	1.147	96.722	69.611	0	-168.2201991
1.031	1.622	1.147	96.722	74.611	0	-168.2420145
1.031	1.622	1.147	96.722	79.611	0	-168.2571197
1.031	1.622	1.147	96.722	84.611	0	-168.2685232
1.031	1.622	1.147	96.722	89.611	0	-168.2781757
1.031	1.622	1.147	96.722	94.611	0	-168.2870487
1.031	1.622	1.147	96.722	94.611	10	-168.2872524
1.031	1.622	1.147	96.722	94.611	20	-168.2876442
1.031	1.622	1.147	96.722	94.611	30	-168.287876
1.031	1.622	1.147	96.722	94.611	40	-168.2877852
1.031	1.622	1.147	96.722	94.611	50	-168.2873811
1.031	1.622	1.147	96.722	94.611	60	-168.2867481
1.031	1.622	1.147	96.722	94.611	70	-168.2859663
1.031	1.622	1.147	96.722	94.611	80	-168.2850864
1.031	1.622	1.147	96.722	94.611	90	-168.2841443
1.031	1.622	1.147	96.722	94.611	100	-168.2832489
1.031	1.622	1.147	96.722	94.611	110	-168.2825737
1.031	1.622	1.147	96.722	94.611	120	-168.2822956
1.031	1.622	1.147	96.722	94.611	130	-168.282491
1.031	1.622	1.147	96.722	94.611	140	-168.2830768
1.031	1.622	1.147	96.722	94.611	150	-168.2838669
1.031	1.622	1.147	96.722	94.611	160	-168.2846105
1.031	1.622	1.147	96.722	94.611	170	-168.2851177
1.031	1.622	1.147	96.722	94.611	180	-168.2852967
1.031	1.622	1.147	96.722	99.611	0	-168.2955088
1.031	1.622	1.147	96.722	104.611	0	-168.3036975
1.031	1.622	1.147	96.722	109.611	0	-168.3117299
1.031	1.622	1.147	96.722	114.611	0	-168.3196886
1.031	1.622	1.147	96.722	119.611	0	-168.3275947
1.031	1.622	1.147	96.722	124.611	0	-168.3353979
1.031	1.622	1.147	101.722	94.611	0	-168.2897202
1.031	1.622	1.147	106.722	94.611	0	-168.2906115
1.031	1.622	1.147	111.722	94.611	0	-168.2899921
1.031	1.622	1.147	116.722	94.611	0	-168.2880925
1.031	1.622	1.147	121.722	94.611	0	-168.2851069
1.031	1.622	1.147	126.722	94.611	0	-168.2811977
1.031	1.622	1.147	131.722	94.611	0	-168.2765046
1.031	1.622	1.197	96.722	94.611	0	-168.286439
1.031	1.622	1.247	96.722	94.611	0	-168.2794316
1.031	1.622	1.297	96.722	94.611	0	-168.2682574
1.031	1.622	1.397	96.722	94.611	0	-168.2394764
1.031	1.622	1.497	96.722	94.611	0	-168.2086337
1.031	1.672	1.147	96.722	94.611	0	-168.2862551
1.031	1.722	1.147	96.722	94.611	0	-168.2849548
1.031	1.772	1.147	96.722	94.611	0	-168.2834116
1.031	1.872	1.147	96.722	94.611	0	-168.2802925
1.031	1.972	1.147	96.722	94.611	0	-168.2777399
1.081	1.622	1.147	96.722	94.611	0	-168.2855927
1.131	1.622	1.147	96.722	94.611	0	-168.2815981
1.181	1.622	1.147	96.722	94.611	0	-168.2758315
1.281	1.622	1.147	96.722	94.611	0	-168.2611419
1.381	1.622	1.147	96.722	94.611	0	-168.244614
0.833	2.707	1.129	74.57	38.482	141.098	-168.2228862
0.933	2.707	1.129	74.57	38.482	141.098	-168.2595475
0.983	2.707	1.129	74.57	38.482	141.098	-168.2665684
1.033	2.407	1.129	74.57	38.482	141.098	-168.2576156
1.033	2.507	1.129	74.57	38.482	141.098	-168.2625484
1.033	2.607	1.129	74.57	38.482	141.098	-168.266098
1.033	2.608	1.129	74.57	38.482	141.098	-168.2661279
1.033	2.657	1.129	74.57	38.482	141.098	-168.267477
1.033	2.658	1.129	74.57	38.482	141.098	-168.2675023
1.033	2.707	1.129	74.57	38.482	141.098	-168.2686458
1.033	2.708	0.929	74.57	38.482	141.098	-168.1194795
1.033	2.708	1.029	74.57	38.482	141.098	-168.2385884
1.033	2.708	1.079	74.57	38.482	141.098	-168.2613935
1.033	2.708	1.129	49.57	38.482	141.098	-168.255664
1.033	2.708	1.129	54.57	38.482	141.098	-168.2608365
1.033	2.708	1.129	59.57	38.482	141.098	-168.2645642
1.033	2.708	1.129	64.57	38.482	141.098	-168.2670099
1.033	2.708	1.129	69.57	38.482	141.098	-168.2683295
1.033	2.708	1.129	74.57	8.482	141.098	-168.2601468
1.033	2.708	1.129	74.57	13.482	141.098	-168.2620714
1.033	2.708	1.129	74.57	18.482	141.098	-168.2633351
1.033	2.708	1.129	74.57	23.482	141.098	-168.2644264
1.033	2.708	1.129	74.57	28.482	141.098	-168.2656773
1.033	2.708	1.129	74.57	33.482	141.098	-168.2671401
1.033	2.708	1.129	74.57	38.482	1.098	-168.2437496
1.033	2.708	1.129	74.57	38.482	11.098	-168.2445521
1.033	2.708	1.129	74.57	38.482	21.098	-168.2465446
1.033	2.708	1.129	74.57	38.482	31.098	-168.2494216
1.033	2.708	1.129	74.57	38.482	41.098	-168.2527912
1.033	2.708	1.129	74.57	38.482	51.098	-168.2562641
1.033	2.708	1.129	74.57	38.482	61.098	-168.2595227
1.033	2.708	1.129	74.57	38.482	71.098	-168.2623535
1.033	2.708	1.129	74.57	38.482	81.098	-168.2646451
1.033	2.708	1.129	74.57	38.482	91.098	-168.2663718
1.033	2.708	1.129	74.57	38.482	101.098	-168.2675663
1.033	2.708	1.129	74.57	38.482	111.098	-168.2682988
1.033	2.708	1.129	74.57	38.482	121.098	-168.2686604
1.033	2.708	1.129	74.57	38.482	131.098	-168.2687506
1.033	2.708	1.129	74.57	38.482	141.098	-168.2686673
1.033	2.708	1.129	74.57	38.482	151.098	-168.2684996
1.033	2.708	1.129	74.57	38.482	161.098	-168.2683254
1.033	2.708	1.129	74.57	38.482	171.098	-168.2682018
1.033	2.708	1.129	74.57	43.482	141.098	-168.2700652
1.033	2.708	1.129	74.57	48.482	141.098	-168.2712238
1.033	2.708	1.129	74.57	53.482	141.098	-168.2721235
1.033	2.708	1.129	74.57	58.482	141.098	-168.272525
1.033	2.708	1.129	74.57	63.482	141.098	-168.2729999
1.033	2.708	1.129	74.57	68.482	141.098	-168.2732868
1.033	2.708	1.129	79.57	38.482	141.098	-168.2681532
1.033	2.708	1.129	84.57	38.482	141.098	-168.2669036
1.033	2.708	1.129	89.57	38.482	141.098	-168.2650231
1.033	2.708	1.129	94.57	38.482	141.098	-168.2626086
1.033	2.708	1.129	99.57	38.482	141.098	-168.259752
1.033	2.708	1.129	104.57	38.482	141.098	-168.2565437
1.033	2.708	1.129	109.57	38.482	141.098	-168.2530743
1.033	2.708	1.179	74.57	38.482	141.098	-168.2650254
1.033	2.708	1.229	74.57	38.482	141.098	-168.2539363
1.033	2.708	1.279	74.57	38.482	141.098	-168.238016
1.033	2.708	1.379	74.57	38.482	141.098	-168.1992584
1.033	2.708	1.479	74.57	38.482	141.098	-168.1614614
1.033	2.758	1.129	74.57	38.482	141.098	-168.2696521
1.033	2.808	1.129	74.57	38.482	141.098	-168.2704861
1.033	2.858	1.129	74.57	38.482	141.098	-168.2711914
1.033	2.958	1.129	74.57	38.482	141.098	-168.2722832
1.033	3.058	1.129	74.57	38.482	141.098	-168.2730633
1.083	2.707	1.129	74.57	38.482	141.098	-168.2671304
1.133	2.707	1.129	74.57	38.482	141.098	-168.2630416
1.183	2.707	1.129	74.57	38.482	141.098	-168.2571447
1.283	2.707	1.129	74.57	38.482	141.098	-168.2421015
1.383	2.707	1.129	74.57	38.482	141.098	-168.225135
0.856	1.278	2.339	110.247	24.774	179.943	-168.2264274
0.956	1.278	2.339	110.247	24.774	179.943	-168.2552345
1.006	1.278	2.339	110.247	24.774	179.943	-168.2600221
1.056	0.978	2.339	110.247	24.774	179.943	-168.0782783
1.056	1.078	2.339	110.247	24.774	179.943	-168.1989444
1.056	1.178	2.339	110.247	24.774	179.943	-168.2486492
1.056	1.228	2.339	110.247	24.774	179.943	-168.2580494
1.056	1.278	2.039	110.247	24.774	179.943	-168.1514659
1.056	1.278	2.139	110.247	24.774	179.943	-168.2232019
1.056	1.278	2.239	110.247	24.774	179.943	-168.2537884
1.056	1.278	2.289	110.247	24.774	179.943	-168.2593685
1.056	1.278	2.339	80.247	24.774	179.943	-168.2358314
1.056	1.278	2.339	85.247	24.774	179.943	-168.2429021
1.056	1.278	2.339	90.247	24.774	179.943	-168.2490144
1.056	1.278	2.339	95.247	24.774	179.943	-168.2540011
1.056	1.278	2.339	100.247	24.774	179.943	-168.2577012
1.056	1.278	2.339	105.247	24.774	179.943	-168.2599681
1.056	1.278	2.339	110.247	4.774	179.943	-168.1473682
1.056	1.278	2.339	110.247	9.774	179.943	-168.1928933
1.056	1.278	2.339	110.247	14.774	179.943	-168.2323414
1.056	1.278	2.339	110.247	19.774	179.943	-168.2549624
1.056	1.278	2.339	110.247	24.774	29.943	-168.0437128
1.056	1.278	2.339	110.247	24.774	39.943	-168.1560649
1.056	1.278	2.339	110.247	24.774	49.943	-168.1935437
1.056	1.278	2.339	110.247	24.774	59.943	-168.2009067
1.056	1.278	2.339	110.247	24.774	69.943	-168.2010677
1.056	1.278	2.339	110.247	24.774	79.943	-168.2026936
1.056	1.278	2.339	110.247	24.774	89.943	-168.2074687
1.056	1.278	2.339	110.247	24.774	99.943	-168.214816
1.056	1.278	2.339	110.247	24.774	109.943	-168.2238341
1.056	1.278	2.339	110.247	24.774	119.943	-168.2332769
1.056	1.278	2.339	110.247	24.774	129.943	-168.2419039
1.056	1.278	2.339	110.247	24.774	139.943	-168.2489884
1.056	1.278	2.339	110.247	24.774	149.943	-168.2543072
1.056	1.278	2.339	110.247	24.774	159.943	-168.2579232
1.056	1.278	2.339	110.247	24.774	169.943	-168.2599999
1.056	1.278	2.339	110.247	24.774	179.943	-168.2606793
1.056	1.278	2.339	110.247	29.774	179.943	-168.2551987
1.056	1.278	2.339	110.247	34.774	179.943	-168.2441394
1.056	1.278	2.339	110.247	39.774	179.943	-168.2307488
1.056	1.278	2.339	110.247	44.774	179.943	-168.2169949
1.056	1.278	2.339	110.247	49.774	179.943	-168.2042861
1.056	1.278	2.339	110.247	54.774	179.943	-168.1934589
1.056	1.278	2.339	110.247	59.774	179.943	-168.1848507
1.056	1.278	2.339	110.247	64.774	179.943	-168.1784503
1.056	1.278	2.339	115.247	24.774	179.943	-168.2597434
1.056	1.278	2.339	120.247	24.774	179.943	-168.257108
1.056	1.278	2.339	125.247	24.774	179.943	-168.2527785
1.056	1.278	2.339	130.247	24.774	179.943	-168.2468548
1.056	1.278	2.339	135.247	24.774	179.943	-168.2395931
1.056	1.278	2.339	140.247	24.774	179.943	-168.231485
1.056	1.278	2.389	110.247	24.774	179.943	-168.2589576
1.056	1.278	2.439	110.247	24.774	179.943	-168.2551624
1.056	1.278	2.489	110.247	24.774	179.943	-168.2500248
1.056	1.278	2.589	110.247	24.774	179.943	-168.2377341
1.056	1.278	2.689	110.247	24.774	179.943	-168.224802
1.056	1.328	2.339	110.247	24.774	179.943	-168.2580792
1.056	1.378	2.339	110.247	24.774	179.943	-168.2511981
1.056	1.428	2.339	110.247	24.774	179.943	-168.2406213
1.056	1.528	2.339	110.247	24.774	179.943	-168.2098627
1.056	1.628	2.339	110.247	24.774	179.943	-168.1682606
1.106	1.278	2.339	110.247	24.774	179.943	-168.2583995
1.156	1.278	2.339	110.247	24.774	179.943	-168.2540884
1.206	1.278	2.339	110.247	24.774	179.943	-168.2484368
1.306	1.278	2.339	110.247	24.774	179.943	-168.2351022
1.406	1.278	2.339	110.247	24.774	179.943	-168.2213367
1.474	1.189	1.256	41.508	169.993	9.039	-168.3191077
1.574	1.189	1.256	41.508	169.993	9.039	-168.3292795
1.674	1.189	1.256	41.508	169.993	9.039	-168.3345283
1.724	1.189	1.256	41.508	169.993	9.039	-168.3357179
1.774	0.989	1.256	41.508	169.993	9.039	-168.2334886
1.774	1.089	1.256	41.508	169.993	9.039	-168.3137727
1.774	1.139	1.256	41.508	169.993	9.039	-168.3298802
1.774	1.189	0.956	41.508	169.993	9.039	-168.1113608
1.774	1.189	1.056	41.508	169.993	9.039	-168.2562156
1.774	1.189	1.156	41.508	169.993	9.039	-168.3188305
1.774	1.189	1.206	41.508	169.993	9.039	-168.3315674
1.774	1.189	1.256	16.508	169.993	9.039	-167.948493
1.774	1.189	1.256	21.508	169.993	9.039	-168.1323472
1.774	1.189	1.256	26.508	169.993	9.039	-168.2456322
1.774	1.189	1.256	31.508	169.993	9.039	-168.3047815
1.774	1.189	1.256	36.508	169.993	9.039	-168.3299343
1.774	1.189	1.256	41.508	139.993	9.039	-168.3332459
1.774	1.189	1.256	41.508	144.993	9.039	-168.3442011
1.774	1.189	1.256	41.508	149.993	9.039	-168.3447625
1.774	1.189	1.256	41.508	154.993	9.039	-168.3417321
1.774	1.189	1.256	41.508	159.993	9.039	-168.3385342
1.774	1.189	1.256	41.508	164.993	9.039	-168.3366006
1.774	1.189	1.256	41.508	169.993	9.039	-168.3361915
1.774	1.189	1.256	41.508	169.993	19.039	-168.3360351
1.774	1.189	1.256	41.508	169.993	29.039	-168.335811
1.774	1.189	1.256	41.508	169.993	39.039	-168.3355782
1.774	1.189	1.256	41.508	169.993	49.039	-168.3354018
1.774	1.189	1.256	41.508	169.993	59.039	-168.3353396
1.774	1.189	1.256	41.508	169.993	69.039	-168.3354311
1.774	1.189	1.256	41.508	169.993	79.039	-168.335699
1.774	1.189	1.256	41.508	169.993	89.039	-168.336119
1.774	1.189	1.256	41.508	169.993	99.039	-168.336671
1.774	1.189	1.256	41.508	169.993	109.039	-168.3373112
1.774	1.189	1.256	41.508	169.993	119.039	-168.3379909
1.774	1.189	1.256	41.508	169.993	129.039	-168.3386613
1.774	1.189	1.256	41.508	169.993	139.039	-168.3392775
1.774	1.189	1.256	41.508	169.993	149.039	-168.3398012
1.774	1.189	1.256	41.508	169.993	159.039	-168.340202
1.774	1.189	1.256	41.508	169.993	169.039	-168.3404578
1.774	1.189	1.256	41.508	169.993	179.039	-168.3405552
1.774	1.189	1.256	41.508	174.993	9.039	-168.3369463
1.774	1.189	1.256	41.508	179.993	9.039	-168.3382896
1.774	1.189	1.256	41.508	184.993	9.039	-168.3396278
1.774	1.189	1.256	41.508	189.993	9.039	-168.3404877
1.774	1.189	1.256	41.508	194.993	9.039	-168.3405175
1.774	1.189	1.256	41.508	199.993	9.039	-168.3394549
1.774	1.189	1.256	46.508	169.993	9.039	-168.3335575
1.774	1.189	1.256	51.508	169.993	9.039	-168.3286475
1.774	1.189	1.256	56.508	169.993	9.039	-168.325705
1.774	1.189	1.256	61.508	169.993	9.039	-168.3260594
1.774	1.189	1.256	66.508	169.993	9.039	-168.3286573
1.774	1.189	1.256	71.508	169.993	9.039	-168.3319924
1.774	1.189	1.256	76.508	169.993	9.039	-168.3350878
1.774	1.189	1.306	41.508	169.993	9.039	-168.3349565
1.774	1.189	1.356	41.508	169.993	9.039	-168.3295799
1.774	1.189	1.406	41.508	169.993	9.039	-168.3213434
1.774	1.189	1.506	41.508	169.993	9.039	-168.2999495
1.774	1.189	1.606	41.508	169.993	9.039	-168.2759514
1.774	1.239	1.256	41.508	169.993	9.039	-168.3357914
1.774	1.289	1.256	41.508	169.993	9.039	-168.3308602
1.774	1.339	1.256	41.508	169.993	9.039	-168.3229253
1.774	1.439	1.256	41.508	169.993	9.039	-168.3018671
1.774	1.539	1.256	41.508	169.993	9.039	-168.2777999
1.824	1.189	1.256	41.508	169.993	9.039	-168.336122
1.874	1.189	1.256	41.508	169.993	9.039	-168.335666
1.924	1.189	1.256	41.508	169.993	9.039	-168.3349616
2.024	1.189	1.256	41.508	169.993	9.039	-168.3332125
2.124	1.189	1.256	41.508	169.993	9.039	-168.3314645
0.831	2.568	1.131	106.33	45.729	38.412	-168.2239785
0.931	2.568	1.131	106.33	45.729	38.412	-168.2611016
0.981	2.568	1.131	106.33	45.729	38.412	-168.2681939
1.031	2.268	1.131	106.33	45.729	38.412	-168.2573282
1.031	2.368	1.131	106.33	45.729	38.412	-168.2635029
1.031	2.468	1.131	106.33	45.729	38.412	-168.2675955
1.031	2.518	1.131	106.33	45.729	38.412	-168.2690746
1.031	2.568	0.931	106.33	45.729	38.412	-168.1227883
1.031	2.568	1.031	106.33	45.729	38.412	-168.2404172
1.031	2.568	1.081	106.33	45.729	38.412	-168.2630048
1.031	2.568	1.131	81.33	45.729	38.412	-168.2575297
1.031	2.568	1.131	86.33	45.729	38.412	-168.2624649
1.031	2.568	1.131	91.33	45.729	38.412	-168.2660708
1.031	2.568	1.131	96.33	45.729	38.412	-168.268486
1.031	2.568	1.131	101.33	45.729	38.412	-168.2698443
1.031	2.568	1.131	106.33	15.729	38.412	-168.2662952
1.031	2.568	1.131	106.33	20.729	38.412	-168.2655326
1.031	2.568	1.131	106.33	25.729	38.412	-168.2650645
1.031	2.568	1.131	106.33	30.729	38.412	-168.2654469
1.031	2.568	1.131	106.33	35.729	38.412	-168.2667073
1.031	2.568	1.131	106.33	40.729	38.412	-168.2684659
1.031	2.568	1.131	106.33	45.729	8.412	-168.2698963
1.031	2.568	1.131	106.33	45.729	18.412	-168.2700328
1.031	2.568	1.131	106.33	45.729	28.412	-168.2701929
1.031	2.568	1.131	106.33	45.729	38.412	-168.2702688
1.031	2.568	1.131	106.33	45.729	48.412	-168.2701442
1.031	2.568	1.131	106.33	45.729	58.412	-168.2697173
1.031	2.568	1.131	106.33	45.729	68.412	-168.2689175
1.031	2.568	1.131	106.33	45.729	78.412	-168.2677098
1.031	2.568	1.131	106.33	45.729	88.412	-168.2661033
1.031	2.568	1.131	106.33	45.729	98.412	-168.2641398
1.031	2.568	1.131	106.33	45.729	108.412	-168.2619026
1.031	2.568	1.131	106.33	45.729	118.412	-168.2594985
1.031	2.568	1.131	106.33	45.729	128.412	-168.2570634
1.031	2.568	1.131	106.33	45.729	138.412	-168.2547412
1.031	2.568	1.131	106.33	45.729	148.412	-168.2526869
1.031	2.568	1.131	106.33	45.729	158.412	-168.2510495
1.031	2.568	1.131	106.33	45.729	168.412	-168.2499589
1.031	2.568	1.131	106.33	45.729	178.412	-168.2495109
1.031	2.568	1.131	106.33	50.729	38.412	-168.2718039
1.031	2.568	1.131	106.33	55.729	38.412	-168.2729404
1.031	2.568	1.131	106.33	60.729	38.412	-168.2737048
1.031	2.568	1.131	106.33	65.729	38.412	-168.273611
1.031	2.568	1.131	106.33	70.729	38.412	-168.2739614
1.031	2.568	1.131	106.33	75.729	38.412	-168.2739326
1.031	2.568	1.131	111.33	45.729	38.412	-168.2698704
1.031	2.568	1.131	116.33	45.729	38.412	-168.2687481
1.031	2.568	1.131	121.33	45.729	38.412	-168.2669906
1.031	2.568	1.131	126.33	45.729	38.412	-168.2646793
1.031	2.568	1.131	131.33	45.729	38.412	-168.2618901
1.031	2.568	1.131	136.33	45.729	38.412	-168.258701
1.031	2.568	1.131	141.33	45.729	38.412	-168.2551883
1.031	2.568	1.181	106.33	45.729	38.412	-168.2667491
1.031	2.568	1.231	106.33	45.729	38.412	-168.2558454
1.031	2.568	1.281	106.33	45.729	38.412	-168.2401135
1.031	2.568	1.381	106.33	45.729	38.412	-168.2014698
1.031	2.568	1.481	106.33	45.729	38.412	-168.1619797
1.031	2.618	1.131	106.33	45.729	38.412	-168.2712331
1.031	2.668	1.131	106.33	45.729	38.412	-168.2720127
1.031	2.718	1.131	106.33	45.729	38.412	-168.272646
1.031	2.818	1.131	106.33	45.729	38.412	-168.2735775
1.031	2.918	1.131	106.33	45.729	38.412	-168.2741901
1.081	2.568	1.131	106.33	45.729	38.412	-168.2686942
1.131	2.568	1.131	106.33	45.729	38.412	-168.2645008
1.181	2.568	1.131	106.33	45.729	38.412	-168.2584661
1.281	2.568	1.131	106.33	45.729	38.412	-168.2430793
1.381	2.568	1.131	106.33	45.729	38.412	-168.2257212
1.892	1.222	1.584	66.667	80.487	28.187	-168.2787902
1.992	1.222	1.584	66.667	80.487	28.187	-168.2924225
2.092	1.222	1.584	66.667	80.487	28.187	-168.3010144
2.142	1.222	1.584	66.667	80.487	28.187	-168.3029497
2.192	0.922	1.584	66.667	80.487	28.187	-168.0308942
2.192	1.022	1.584	66.667	80.487	28.187	-168.2101933
2.192	1.122	1.584	66.667	80.487	28.187	-168.2852656
2.192	1.172	1.584	66.667	80.487	28.187	-168.2993553
2.192	1.222	1.284	66.667	80.487	28.187	-168.2494246
2.192	1.222	1.384	66.667	80.487	28.187	-168.2826147
2.192	1.222	1.484	66.667	80.487	28.187	-168.2986743
2.192	1.222	1.534	66.667	80.487	28.187	-168.3021065
2.192	1.222	1.584	56.667	80.487	28.187	-168.2950068
2.192	1.222	1.584	61.667	80.487	28.187	-168.3009153
2.192	1.222	1.584	66.667	65.487	28.187	-168.2964455
2.192	1.222	1.584	66.667	70.487	28.187	-168.3032468
2.192	1.222	1.584	66.667	75.487	28.187	-168.3038667
2.192	1.222	1.584	66.667	80.487	18.187	-168.1972392
2.192	1.222	1.584	66.667	80.487	28.187	-168.3032335
2.192	1.222	1.584	66.667	80.487	38.187	-168.2612767
2.192	1.222	1.584	66.667	80.487	48.187	-168.2017541
2.192	1.222	1.584	66.667	80.487	58.187	-168.1565528
2.192	1.222	1.584	66.667	80.487	68.187	-168.1389696
2.192	1.222	1.584	66.667	80.487	78.187	-168.1383369
2.192	1.222	1.584	66.667	80.487	88.187	-168.1402868
2.192	1.222	1.584	66.667	80.487	98.187	-168.1448497
2.192	1.222	1.584	66.667	80.487	108.187	-168.1486153
2.192	1.222	1.584	66.667	80.487	118.187	-168.150895
2.192	1.222	1.584	66.667	80.487	128.187	-168.1517932
2.192	1.222	1.584	66.667	80.487	138.187	-168.1516092
2.192	1.222	1.584	66.667	80.487	148.187	-168.1506974
2.192	1.222	1.584	66.667	80.487	158.187	-168.1494774
2.192	1.222	1.584	66.667	80.487	168.187	-168.1484181
2.192	1.222	1.584	66.667	80.487	178.187	-168.1479351
2.192	1.222	1.584	66.667	85.487	28.187	-168.3045542
2.192	1.222	1.584	66.667	90.487	28.187	-168.3074438
2.192	1.222	1.584	66.667	95.487	28.187	-168.3085852
2.192	1.222	1.584	66.667	100.487	28.187	-168.3051873
2.192	1.222	1.584	66.667	105.487	28.187	-168.2968437
2.192	1.222	1.584	66.667	110.487	28.187	-168.2848127
2.192	1.222	1.584	71.667	80.487	28.187	-168.2970756
2.192	1.222	1.584	76.667	80.487	28.187	-168.2816209
2.192	1.222	1.584	81.667	80.487	28.187	-168.2596857
2.192	1.222	1.584	86.667	80.487	28.187	-168.2352229
2.192	1.222	1.584	91.667	80.487	28.187	-168.2115948
2.192	1.222	1.584	96.667	80.487	28.187	-168.1910079
2.192	1.222	1.634	66.667	80.487	28.187	-168.3025367
2.192	1.222	1.684	66.667	80.487	28.187	-168.3004361
2.192	1.222	1.734	66.667	80.487	28.187	-168.2972966
2.192	1.222	1.834	66.667	80.487	28.187	-168.2890676
2.192	1.222	1.934	66.667	80.487	28.187	-168.279578
2.192	1.272	1.584	66.667	80.487	28.187	-168.2997351
2.192	1.322	1.584	66.667	80.487	28.187	-168.2909812
2.192	1.372	1.584	66.667	80.487	28.187	-168.2785434
2.192	1.472	1.584	66.667	80.487	28.187	-168.2468914
2.192	1.572	1.584	66.667	80.487	28.187	-168.2106123
2.242	1.222	1.584	66.667	80.487	28.187	-168.3019036
2.292	1.222	1.584	66.667	80.487	28.187	-168.2990575
2.342	1.222	1.584	66.667	80.487	28.187	-168.2948365
2.442	1.222	1.584	66.667	80.487	28.187	-168.282961
2.542	1.222	1.584	66.667	80.487	28.187	-168.2677486
1.648	1.23	2.027	99.338	48.382	29.417	-168.2702406
1.748	1.23	2.027	99.338	48.382	29.417	-168.2922268
1.848	1.23	2.027	99.338	48.382	29.417	-168.3049016
1.898	1.23	2.027	99.338	48.382	29.417	-168.3075962
1.948	0.93	2.027	99.338	48.382	29.417	-168.0576782
1.948	1.03	2.027	99.338	48.382	29.417	-168.2227132
1.948	1.13	2.027	99.338	48.382	29.417	-168.2916673
1.948	1.18	2.027	99.338	48.382	29.417	-168.3045586
1.948	1.23	1.727	99.338	48.382	29.417	-168.2655705
1.948	1.23	1.827	99.338	48.382	29.417	-168.2910455
1.948	1.23	1.927	99.338	48.382	29.417	-168.3043565
1.948	1.23	1.977	99.338	48.382	29.417	-168.3072219
1.948	1.23	2.027	74.338	48.382	29.417	-168.2844167
1.948	1.23	2.027	79.338	48.382	29.417	-168.2966949
1.948	1.23	2.027	84.338	48.382	29.417	-168.3037975
1.948	1.23	2.027	89.338	48.382	29.417	-168.3068214
1.948	1.23	2.027	94.338	48.382	29.417	-168.3077976
1.948	1.23	2.027	99.338	18.382	29.417	-167.9669511
1.948	1.23	2.027	99.338	23.382	29.417	-168.0969849
1.948	1.23	2.027	99.338	28.382	29.417	-168.1922441
1.948	1.23	2.027	99.338	33.382	29.417	-168.2551678
1.948	1.23	2.027	99.338	38.382	29.417	-168.2907929
1.948	1.23	2.027	99.338	43.382	29.417	-168.305802
1.948	1.23	2.027	99.338	48.382	19.417	-168.2106344
1.948	1.23	2.027	99.338	48.382	29.417	-168.3080075
1.948	1.23	2.027	99.338	48.382	39.417	-168.2670461
1.948	1.23	2.027	99.338	48.382	49.417	-168.2076192
1.948	1.23	2.027	99.338	48.382	59.417	-168.160347
1.948	1.23	2.027	99.338	48.382	69.417	-168.1447446
1.948	1.23	2.027	99.338	48.382	89.417	-168.1222379
1.948	1.23	2.027	99.338	48.382	99.417	-168.1291542
1.948	1.23	2.027	99.338	48.382	109.417	-168.1345985
1.948	1.23	2.027	99.338	48.382	119.417	-168.1377785
1.948	1.23	2.027	99.338	48.382	129.417	-168.1391641
1.948	1.23	2.027	99.338	48.382	139.417	-168.1393013
1.948	1.23	2.027	99.338	48.382	149.417	-168.1386589
1.948	1.23	2.027	99.338	48.382	159.417	-168.1376616
1.948	1.23	2.027	99.338	48.382	169.417	-168.1366333
1.948	1.23	2.027	99.338	48.382	179.417	-168.1361141
1.948	1.23	2.027	99.338	53.382	29.417	-168.3023827
1.948	1.23	2.027	99.338	58.382	29.417	-168.2892501
1.948	1.23	2.027	99.338	63.382	29.417	-168.2679975
1.948	1.23	2.027	99.338	68.382	29.417	-168.2405124
1.948	1.23	2.027	99.338	73.382	29.417	-168.2107278
1.948	1.23	2.027	99.338	78.382	29.417	-168.1826421
1.948	1.23	2.027	104.338	48.382	29.417	-168.3068466
1.948	1.23	2.027	109.338	48.382	29.417	-168.3024005
1.948	1.23	2.027	114.338	48.382	29.417	-168.2930406
1.948	1.23	2.027	119.338	48.382	29.417	-168.27848
1.948	1.23	2.027	124.338	48.382	29.417	-168.2597082
1.948	1.23	2.027	129.338	48.382	29.417	-168.2383632
1.948	1.23	2.027	134.338	48.382	29.417	-168.216123
1.948	1.23	2.077	99.338	48.382	29.417	-168.307056
1.948	1.23	2.127	99.338	48.382	29.417	-168.3047085
1.948	1.23	2.177	99.338	48.382	29.417	-168.3012879
1.948	1.23	2.277	99.338	48.382	29.417	-168.2923526
1.948	1.23	2.377	99.338	48.382	29.417	-168.2820505
1.948	1.28	2.027	99.338	48.382	29.417	-168.3045589
1.948	1.33	2.027	99.338	48.382	29.417	-168.2960975
1.948	1.38	2.027	99.338	48.382	29.417	-168.2839933
1.948	1.48	2.027	99.338	48.382	29.417	-168.2525722
1.948	1.58	2.027	99.338	48.382	29.417	-168.2155043
1.998	1.23	2.027	99.338	48.382	29.417	-168.3063384
2.048	1.23	2.027	99.338	48.382	29.417	-168.3028346
2.098	1.23	2.027	99.338	48.382	29.417	-168.2977629
2.198	1.23	2.027	99.338	48.382	29.417	-168.2839907
2.298	1.23	2.027	99.338	48.382	29.417	-168.2670459
1.738	1.245	1.735	33.31	59.415	0	-168.2139647
1.838	1.245	1.735	33.31	59.415	0	-168.2410347
1.938	1.245	1.735	33.31	59.415	0	-168.254802
2.038	0.945	1.735	33.31	59.415	0	-168.011204
2.038	1.045	1.735	33.31	59.415	0	-168.1707136
2.038	1.145	1.735	33.31	59.415	0	-168.2403639
2.038	1.245	1.435	33.31	59.415	0	-168.2048386
2.038	1.245	1.535	33.31	59.415	0	-168.2373992
2.038	1.245	1.635	33.31	59.415	0	-168.2538027
2.038	1.245	1.735	3.31	59.415	0	-168.1989905
2.038	1.245	1.735	10.81	59.415	0	-168.2243645
2.038	1.245	1.735	18.31	59.415	0	-168.2521008
2.038	1.245	1.735	25.81	59.415	0	-168.2607081
2.038	1.245	1.735	33.31	36.915	0	-168.1514425
2.038	1.245	1.735	33.31	44.415	0	-168.2348962
2.038	1.245	1.735	33.31	51.915	0	-168.255713
2.038	1.245	1.735	33.31	59.415	0	-168.2582461
2.038	1.245	1.735	33.31	59.415	10	-168.2569316
2.038	1.245	1.735	33.31	59.415	20	-168.2533048
2.038	1.245	1.735	33.31	59.415	30	-168.2484194
2.038	1.245	1.735	33.31	59.415	40	-168.2439754
2.038	1.245	1.735	33.31	59.415	50	-168.2417731
2.038	1.245	1.735	33.31	59.415	60	-168.242923
2.038	1.245	1.735	33.31	59.415	70	-168.2471798
2.038	1.245	1.735	33.31	59.415	80	-168.2530565
2.038	1.245	1.735	33.31	59.415	90	-168.2588861
2.038	1.245	1.735	33.31	59.415	100	-168.263566
2.038	1.245	1.735	33.31	59.415	110	-168.2665897
2.038	1.245	1.735	33.31	59.415	120	-168.267845
2.038	1.245	1.735	33.31	59.415	130	-168.2674683
2.038	1.245	1.735	33.31	59.415	140	-168.2657814
2.038	1.245	1.735	33.31	59.415	150	-168.2632681
2.038	1.245	1.735	33.31	59.415	160	-168.26057
2.038	1.245	1.735	33.31	59.415	170	-168.2584567
2.038	1.245	1.735	33.31	59.415	180	-168.2576481
2.038	1.245	1.735	33.31	66.915	0	-168.2559674
2.038	1.245	1.735	33.31	74.415	0	-168.2495451
2.038	1.245	1.735	33.31	81.915	0	-168.2259576
2.038	1.245	1.735	33.31	89.415	0	-168.1492795
2.038	1.245	1.735	33.31	94.415	0	-168.040712
2.038	1.245	1.735	40.81	59.415	0	-168.2660442
2.038	1.245	1.735	48.31	59.415	0	-168.2814171
2.038	1.245	1.735	55.81	59.415	0	-168.2459742
2.038	1.245	1.735	63.31	59.415	0	-168.046823
2.038	1.245	1.835	33.31	59.415	0	-168.2543103
2.038	1.245	1.935	33.31	59.415	0	-168.2448793
2.038	1.245	2.035	33.31	59.415	0	-168.2321206
2.038	1.345	1.735	33.31	59.415	0	-168.2467243
2.038	1.445	1.735	33.31	59.415	0	-168.2191373
2.038	1.545	1.735	33.31	59.415	0	-168.1830719
2.138	1.245	1.735	33.31	59.415	0	-168.2541284
2.238	1.245	1.735	33.31	59.415	0	-168.2447804
2.338	1.245	1.735	33.31	59.415	0	-168.2320662
1.623	1.273	1.255	35.287	127.899	180	-168.2792478
1.723	1.273	1.255	35.287	127.899	180	-168.2985351
1.823	1.273	1.255	35.287	127.899	180	-168.3081363
1.873	1.273	1.255	35.287	127.899	180	-168.3098227
1.923	0.973	1.255	35.287	127.899	180	-168.1097123
1.923	1.073	1.255	35.287	127.899	180	-168.2389788
1.923	1.173	1.255	35.287	127.899	180	-168.2938627
1.923	1.223	1.255	35.287	127.899	180	-168.3052274
1.923	1.273	0.955	35.287	127.899	180	-168.1194295
1.923	1.273	1.055	35.287	127.899	180	-168.250372
1.923	1.273	1.155	35.287	127.899	180	-168.3011586
1.923	1.273	1.205	35.287	127.899	180	-168.3090958
1.923	1.273	1.255	10.287	127.899	180	-168.0619032
1.923	1.273	1.255	15.287	127.899	180	-168.149423
1.923	1.273	1.255	20.287	127.899	180	-168.2306366
1.923	1.273	1.255	25.287	127.899	180	-168.2816905
1.923	1.273	1.255	30.287	127.899	180	-168.3042724
1.923	1.273	1.255	35.287	97.899	180	-168.3143577
1.923	1.273	1.255	35.287	102.899	180	-168.3158575
1.923	1.273	1.255	35.287	107.899	180	-168.315858
1.923	1.273	1.255	35.287	112.899	180	-168.3144338
1.923	1.273	1.255	35.287	117.899	180	-168.3118803
1.923	1.273	1.255	35.287	122.899	180	-168.3094611
1.923	1.273	1.255	35.287	127.899	20	-167.9893908
1.923	1.273	1.255	35.287	127.899	30	-168.1974328
1.923	1.273	1.255	35.287	127.899	40	-168.2778566
1.923	1.273	1.255	35.287	127.899	50	-168.2925989
1.923	1.273	1.255	35.287	127.899	60	-168.2852557
1.923	1.273	1.255	35.287	127.899	70	-168.2766685
1.923	1.273	1.255	35.287	127.899	80	-168.2742146
1.923	1.273	1.255	35.287	127.899	90	-168.2776598
1.923	1.273	1.255	35.287	127.899	100	-168.2822276
1.923	1.273	1.255	35.287	127.899	110	-168.2852169
1.923	1.273	1.255	35.287	127.899	120	-168.2876227
1.923	1.273	1.255	35.287	127.899	130	-168.2913394
1.923	1.273	1.255	35.287	127.899	140	-168.2966237
1.923	1.273	1.255	35.287	127.899	150	-168.3019733
1.923	1.273	1.255	35.287	127.899	160	-168.3062204
1.923	1.273	1.255	35.287	127.899	170	-168.3088703
1.923	1.273	1.255	35.287	127.899	180	-168.309768
1.923	1.273	1.255	35.287	132.899	180	-168.314222
1.923	1.273	1.255	35.287	137.899	180	-168.3208055
1.923	1.273	1.255	35.287	142.899	180	-168.3270661
1.923	1.273	1.255	35.287	147.899	180	-168.3318955
1.923	1.273	1.255	35.287	152.899	180	-168.3350544
1.923	1.273	1.255	35.287	157.899	180	-168.3365427
1.923	1.273	1.255	40.287	127.899	180	-168.3064684
1.923	1.273	1.255	45.287	127.899	180	-168.2997975
1.923	1.273	1.255	50.287	127.899	180	-168.2930786
1.923	1.273	1.255	55.287	127.899	180	-168.2880607
1.923	1.273	1.255	60.287	127.899	180	-168.2852902
1.923	1.273	1.255	65.287	127.899	180	-168.2844665
1.923	1.273	1.255	70.287	127.899	180	-168.2848885
1.923	1.273	1.305	35.287	127.899	180	-168.3054838
1.923	1.273	1.355	35.287	127.899	180	-168.298016
1.923	1.273	1.405	35.287	127.899	180	-168.2887632
1.923	1.273	1.505	35.287	127.899	180	-168.2697578
1.923	1.273	1.605	35.287	127.899	180	-168.2582192
1.923	1.323	1.255	35.287	127.899	180	-168.309368
1.923	1.373	1.255	35.287	127.899	180	-168.3053939
1.923	1.423	1.255	35.287	127.899	180	-168.2988537
1.923	1.523	1.255	35.287	127.899	180	-168.2809164
1.923	1.623	1.255	35.287	127.899	180	-168.2596332
1.973	1.273	1.255	35.287	127.899	180	-168.3082302
2.023	1.273	1.255	35.287	127.899	180	-168.3054593
2.073	1.273	1.255	35.287	127.899	180	-168.3016949
2.173	1.273	1.255	35.287	127.899	180	-168.2920469
2.273	1.273	1.255	35.287	127.899	180	-168.2808176
1.093	1.323	1.382	55.114	71.112	118.66	-168.2325418
1.193	1.323	1.382	55.114	71.112	118.66	-168.2405404
1.293	1.323	1.382	55.114	71.112	118.66	-168.2440258
1.393	1.023	1.382	55.114	71.112	118.66	-168.1077981
1.393	1.123	1.382	55.114	71.112	118.66	-168.2003406
1.393	1.223	1.382	55.114	71.112	118.66	-168.2369135
1.393	1.323	1.082	55.114	71.112	118.66	-168.1450569
1.393	1.323	1.182	55.114	71.112	118.66	-168.2105955
1.393	1.323	1.282	55.114	71.112	118.66	-168.2381978
1.393	1.323	1.382	32.614	71.112	118.66	-168.1023056
1.393	1.323	1.382	40.114	71.112	118.66	-168.2130822
1.393	1.323	1.382	47.614	71.112	118.66	-168.2416616
1.393	1.323	1.382	55.114	41.112	118.66	-167.9507417
1.393	1.323	1.382	55.114	48.612	118.66	-168.1499124
1.393	1.323	1.382	55.114	56.112	118.66	-168.2166674
1.393	1.323	1.382	55.114	63.612	118.66	-168.2396079
1.393	1.323	1.382	55.114	71.112	28.66	-167.9312442
1.393	1.323	1.382	55.114	71.112	38.66	-168.1576441
1.393	1.323	1.382	55.114	71.112	48.66	-168.1899933
1.393	1.323	1.382	55.114	71.112	58.66	-168.187941
1.393	1.323	1.382	55.114	71.112	68.66	-168.192117
1.393	1.323	1.382	55.114	71.112	78.66	-168.2054115
1.393	1.323	1.382	55.114	71.112	88.66	-168.2211704
1.393	1.323	1.382	55.114	71.112	98.66	-168.2341325
1.393	1.323	1.382	55.114	71.112	108.66	-168.2420796
1.393	1.323	1.382	55.114	71.112	118.66	-168.2445729
1.393	1.323	1.382	55.114	71.112	128.66	-168.2419477
1.393	1.323	1.382	55.114	71.112	138.66	-168.2349391
1.393	1.323	1.382	55.114	71.112	148.66	-168.2246577
1.393	1.323	1.382	55.114	71.112	158.66	-168.2128485
1.393	1.323	1.382	55.114	71.112	168.66	-168.202349
1.393	1.323	1.382	55.114	71.112	178.66	-168.1972108
1.393	1.323	1.382	55.114	78.612	118.66	-168.241057
1.393	1.323	1.382	55.114	86.112	118.66	-168.2341226
1.393	1.323	1.382	55.114	93.612	118.66	-168.2289592
1.393	1.323	1.382	55.114	101.112	118.66	-168.2422668
1.393	1.323	1.382	55.114	106.112	118.66	-168.2275299
1.393	1.323	1.382	55.114	113.112	118.66	-168.2546097
1.393	1.323	1.382	62.614	71.112	118.66	-168.243051
1.393	1.323	1.382	70.114	71.112	118.66	-168.2433409
1.393	1.323	1.382	77.614	71.112	118.66	-168.245515
1.393	1.323	1.382	85.114	71.112	118.66	-168.2481058
1.393	1.323	1.382	90.114	71.112	118.66	-168.2494563
1.393	1.323	1.382	97.114	71.112	118.66	-168.250396
1.393	1.323	1.482	55.114	71.112	118.66	-168.2391822
1.393	1.323	1.582	55.114	71.112	118.66	-168.2274788
1.393	1.323	1.682	55.114	71.112	118.66	-168.2126523
1.393	1.423	1.382	55.114	71.112	118.66	-168.2387638
1.393	1.523	1.382	55.114	71.112	118.66	-168.227765
1.393	1.623	1.382	55.114	71.112	118.66	-168.215494
1.493	1.323	1.382	55.114	71.112	118.66	-168.2428614
1.593	1.323	1.382	55.114	71.112	118.66	-168.2392515
1.693	1.323	1.382	55.114	71.112	118.66	-168.2340497
0.91	1.295	1.447	105.911	76.703	0.536	-168.2188756
1.01	1.295	1.447	105.911	76.703	0.536	-168.2436557
1.11	1.295	1.447	105.911	76.703	0.536	-168.253017
1.21	0.995	1.447	105.911	76.703	0.536	-168.1007073
1.21	1.095	1.447	105.911	76.703	0.536	-168.2068344
1.21	1.195	1.447	105.911	76.703	0.536	-168.2467433
1.21	1.295	1.147	105.911	76.703	0.536	-168.1977839
1.21	1.295	1.247	105.911	76.703	0.536	-168.2347198
1.21	1.295	1.347	105.911	76.703	0.536	-168.2503585
1.21	1.295	1.447	75.911	76.703	0.536	-168.0748303
1.21	1.295	1.447	83.411	76.703	0.536	-168.2040063
1.21	1.295	1.447	90.911	76.703	0.536	-168.246493
1.21	1.295	1.447	98.411	76.703	0.536	-168.2548922
1.21	1.295	1.447	105.911	54.203	0.536	-168.07731
1.21	1.295	1.447	105.911	61.703	0.536	-168.2004249
1.21	1.295	1.447	105.911	69.203	0.536	-168.245058
1.21	1.295	1.447	105.911	76.703	10.536	-168.2534622
1.21	1.295	1.447	105.911	76.703	20.536	-168.251301
1.21	1.295	1.447	105.911	76.703	30.536	-168.2491344
1.21	1.295	1.447	105.911	76.703	40.536	-168.2488664
1.21	1.295	1.447	105.911	76.703	50.536	-168.2516973
1.21	1.295	1.447	105.911	76.703	60.536	-168.2571023
1.21	1.295	1.447	105.911	76.703	70.536	-168.2633225
1.21	1.295	1.447	105.911	76.703	80.536	-168.2685566
1.21	1.295	1.447	105.911	76.703	90.536	-168.2716072
1.21	1.295	1.447	105.911	76.703	100.536	-168.2718786
1.21	1.295	1.447	105.911	76.703	110.536	-168.2691556
1.21	1.295	1.447	105.911	76.703	120.536	-168.2634489
1.21	1.295	1.447	105.911	76.703	130.536	-168.2549115
1.21	1.295	1.447	105.911	76.703	140.536	-168.2438691
1.21	1.295	1.447	105.911	76.703	150.536	-168.2308775
1.21	1.295	1.447	105.911	76.703	160.536	-168.2170625
1.21	1.295	1.447	105.911	76.703	170.536	-168.2049823
1.21	1.295	1.447	105.911	76.703	180.536	-168.2000269
1.21	1.295	1.447	105.911	84.203	0.536	-168.2473495
1.21	1.295	1.447	105.911	91.703	0.536	-168.2336639
1.21	1.295	1.447	105.911	99.203	0.536	-168.239223
1.21	1.295	1.447	105.911	106.703	0.536	-168.2625497
1.21	1.295	1.447	105.911	111.703	0.536	-168.2746131
1.21	1.295	1.447	105.911	118.703	0.536	-168.2931147
1.21	1.295	1.447	113.411	76.703	0.536	-168.2532962
1.21	1.295	1.447	120.911	76.703	0.536	-168.2531059
1.21	1.295	1.447	128.411	76.703	0.536	-168.2533527
1.21	1.295	1.447	135.911	76.703	0.536	-168.2535752
1.21	1.295	1.447	140.911	76.703	0.536	-168.2535915
1.21	1.295	1.447	147.911	76.703	0.536	-168.2533908
1.21	1.295	1.547	105.911	76.703	0.536	-168.2516176
1.21	1.295	1.647	105.911	76.703	0.536	-168.2446948
1.21	1.295	1.747	105.911	76.703	0.536	-168.2350626
1.21	1.395	1.447	105.911	76.703	0.536	-168.2475463
1.21	1.495	1.447	105.911	76.703	0.536	-168.2349223
1.21	1.595	1.447	105.911	76.703	0.536	-168.2204185
1.31	1.295	1.447	105.911	76.703	0.536	-168.2514089
1.41	1.295	1.447	105.911	76.703	0.536	-168.2459713
1.51	1.295	1.447	105.911	76.703	0.536	-168.2388928
1.793	1.258	2.052	25.14	38.967	95.959	-168.1952417
1.893	1.258	2.052	25.14	38.967	95.959	-168.2354789
1.993	1.258	2.052	25.14	38.967	95.959	-168.2550637
2.043	1.258	2.052	25.14	38.967	95.959	-168.2590428
2.093	0.958	2.052	25.14	38.967	95.959	-168.0786942
2.093	1.058	2.052	25.14	38.967	95.959	-168.2026396
2.093	1.158	2.052	25.14	38.967	95.959	-168.2498164
2.093	1.208	2.052	25.14	38.967	95.959	-168.2577992
2.093	1.258	1.752	25.14	38.967	95.959	-168.2141495
2.093	1.258	1.852	25.14	38.967	95.959	-168.2440078
2.093	1.258	1.952	25.14	38.967	95.959	-168.2571442
2.093	1.258	2.002	25.14	38.967	95.959	-168.2595797
2.093	1.258	2.052	5.14	38.967	95.959	-168.1984941
2.093	1.258	2.052	10.14	38.967	95.959	-168.2187541
2.093	1.258	2.052	15.14	38.967	95.959	-168.2406559
2.093	1.258	2.052	20.14	38.967	95.959	-168.2556039
2.093	1.258	2.052	25.14	13.967	95.959	-168.0182133
2.093	1.258	2.052	25.14	18.967	95.959	-168.1501615
2.093	1.258	2.052	25.14	23.967	95.959	-168.2279386
2.093	1.258	2.052	25.14	28.967	95.959	-168.2567297
2.093	1.258	2.052	25.14	33.967	95.959	-168.2605595
2.093	1.258	2.052	25.14	38.967	5.959	-168.2950758
2.093	1.258	2.052	25.14	38.967	15.959	-168.2806512
2.093	1.258	2.052	25.14	38.967	25.959	-168.2614299
2.093	1.258	2.052	25.14	38.967	35.959	-168.2539393
2.093	1.258	2.052	25.14	38.967	45.959	-168.2530204
2.093	1.258	2.052	25.14	38.967	55.959	-168.2544594
2.093	1.258	2.052	25.14	38.967	65.959	-168.2565291
2.093	1.258	2.052	25.14	38.967	75.959	-168.2584176
2.093	1.258	2.052	25.14	38.967	85.959	-168.259673
2.093	1.258	2.052	25.14	38.967	95.959	-168.2600273
2.093	1.258	2.052	25.14	38.967	105.959	-168.2593249
2.093	1.258	2.052	25.14	38.967	115.959	-168.2574911
2.093	1.258	2.052	25.14	38.967	125.959	-168.2545108
2.093	1.258	2.052	25.14	38.967	135.959	-168.2504177
2.093	1.258	2.052	25.14	38.967	145.959	-168.245297
2.093	1.258	2.052	25.14	38.967	155.959	-168.2394394
2.093	1.258	2.052	25.14	38.967	165.959	-168.2361499
2.093	1.258	2.052	25.14	43.967	95.959	-168.2573964
2.093	1.258	2.052	25.14	48.967	95.959	-168.2517283
2.093	1.258	2.052	25.14	53.967	95.959	-168.2442983
2.093	1.258	2.052	25.14	58.967	95.959	-168.236755
2.093	1.258	2.052	25.14	63.967	95.959	-168.2298166
2.093	1.258	2.052	25.14	68.967	95.959	-168.2236296
2.093	1.258	2.052	30.14	38.967	95.959	-168.2546995
2.093	1.258	2.052	35.14	38.967	95.959	-168.2425144
2.093	1.258	2.052	40.14	38.967	95.959	-168.2266861
2.093	1.258	2.052	45.14	38.967	95.959	-168.2098618
2.093	1.258	2.052	50.14	38.967	95.959	-168.1938709
2.093	1.258	2.052	55.14	38.967	95.959	-168.1797817
2.093	1.258	2.052	60.14	38.967	95.959	-168.1680707
2.093	1.258	2.102	25.14	38.967	95.959	-168.2588657
2.093	1.258	2.152	25.14	38.967	95.959	-168.2563916
2.093	1.258	2.202	25.14	38.967	95.959	-168.2528643
2.093	1.258	2.302	25.14	38.967	95.959	-168.2436453
2.093	1.258	2.402	25.14	38.967	95.959	-168.2330023
2.093	1.308	2.052	25.14	38.967	95.959	-168.2585299
2.093	1.358	2.052	25.14	38.967	95.959	-168.2543369
2.093	1.408	2.052	25.14	38.967	95.959	-168.2479589
2.093	1.508	2.052	25.14	38.967	95.959	-168.2301485
2.093	1.608	2.052	25.14	38.967	95.959	-168.2083156
2.143	1.258	2.052	25.14	38.967	95.959	-168.2585803
2.193	1.258	2.052	25.14	38.967	95.959	-168.2551907
2.243	1.258	2.052	25.14	38.967	95.959	-168.2502791
2.343	1.258	2.052	25.14	38.967	95.959	-168.2372732
2.443	1.258	2.052	25.14	38.967	95.959	-168.2218424
